   1.9000990e+00  -1.7187813e+00   1.0000000e+00
   2.0188258e+00  -1.8812440e+00   1.0000000e+00
   2.0209608e+00  -1.6330092e+00   1.0000000e+00
   1.8081415e+00  -1.5810630e+00   1.0000000e+00
   1.7942742e+00  -1.4000000e+00   1.0000000e+00
   1.6946921e+00  -1.8484795e+00   1.0000000e+00
   1.9597718e+00  -1.7706711e+00   1.0000000e+00
   2.0972669e+00  -1.5804281e+00   1.0000000e+00
   1.7486193e+00  -1.8274652e+00   1.0000000e+00
   1.4731304e+00  -1.8378354e+00   1.0000000e+00
   1.6333348e+00  -1.8666552e+00   1.0000000e+00
   1.8690506e+00  -2.1448590e+00   1.0000000e+00
   1.6322840e+00  -1.6519600e+00   1.0000000e+00
   2.0082203e+00  -1.8189620e+00   1.0000000e+00
   1.8488019e+00  -1.6843358e+00   1.0000000e+00
   2.1384753e+00  -1.4233461e+00   1.0000000e+00
   1.6953026e+00  -1.7825711e+00   1.0000000e+00
   1.7994533e+00  -2.0341609e+00   1.0000000e+00
   1.7662513e+00  -1.1677522e+00   1.0000000e+00
   1.7180217e+00  -1.9419210e+00   1.0000000e+00
   1.4998668e+00  -1.6633668e+00   1.0000000e+00
   2.1284131e+00  -1.5116033e+00   1.0000000e+00
   1.9177405e+00  -1.7221244e+00   1.0000000e+00
   1.5759360e+00  -1.9414714e+00   1.0000000e+00
   1.8759396e+00  -1.6144143e+00   1.0000000e+00
   1.5502327e+00  -1.6308612e+00   1.0000000e+00
   1.8716871e+00  -1.7678361e+00   1.0000000e+00
   1.9706204e+00  -1.4441341e+00   1.0000000e+00
   2.0877736e+00  -1.5765811e+00   1.0000000e+00
   1.8286419e+00  -1.7260329e+00   1.0000000e+00
   1.8247569e+00  -1.7222420e+00   1.0000000e+00
   2.0374805e+00  -1.9616749e+00   1.0000000e+00
   1.5084783e+00  -1.8943865e+00   1.0000000e+00
   1.8237974e+00  -1.8840815e+00   1.0000000e+00
   1.7221168e+00  -1.8442282e+00   1.0000000e+00
   1.8129181e+00  -1.5581953e+00   1.0000000e+00
   1.9360420e+00  -1.6924913e+00   1.0000000e+00
   2.1305168e+00  -1.5559669e+00   1.0000000e+00
   1.6176280e+00  -2.2656991e+00   1.0000000e+00
   1.7824325e+00  -1.7556059e+00   1.0000000e+00
   1.8777782e+00  -2.0092183e+00   1.0000000e+00
   2.0815847e+00  -1.9431362e+00   1.0000000e+00
   1.8038187e+00  -1.8344239e+00   1.0000000e+00
   1.6579743e+00  -1.4422444e+00   1.0000000e+00
   1.9258740e+00  -1.5870218e+00   1.0000000e+00
   1.8334020e+00  -1.6618441e+00   1.0000000e+00
   1.6861993e+00  -1.7088701e+00   1.0000000e+00
   2.1909183e+00  -1.4541598e+00   1.0000000e+00
   1.8467539e+00  -1.5055893e+00   1.0000000e+00
   1.8098738e+00  -1.6075960e+00   1.0000000e+00
   1.8858347e+00  -1.6672833e+00   1.0000000e+00
   2.0152105e+00  -1.7138773e+00   1.0000000e+00
   1.8870203e+00  -1.5902653e+00   1.0000000e+00
   1.9997514e+00  -1.7896391e+00   1.0000000e+00
   2.0356321e+00  -1.7932978e+00   1.0000000e+00
   2.2207059e+00  -1.8539062e+00   1.0000000e+00
   1.6574597e+00  -1.5427384e+00   1.0000000e+00
   1.9768904e+00  -1.8971597e+00   1.0000000e+00
   2.1579809e+00  -1.6756981e+00   1.0000000e+00
   2.1098194e+00  -1.6958489e+00   1.0000000e+00
   2.0166703e+00  -1.7931085e+00   1.0000000e+00
   1.6371456e+00  -1.5967367e+00   1.0000000e+00
   1.8045996e+00  -1.6206322e+00   1.0000000e+00
   1.4827598e+00  -2.0338077e+00   1.0000000e+00
   1.7865906e+00  -1.7804582e+00   1.0000000e+00
   1.5665853e+00  -1.8299048e+00   1.0000000e+00
   2.0301452e+00  -1.7610385e+00   1.0000000e+00
   1.8433618e+00  -1.7116999e+00   1.0000000e+00
   1.6385884e+00  -1.9604435e+00   1.0000000e+00
   1.5929099e+00  -1.7558003e+00   1.0000000e+00
   1.9362445e+00  -1.6069213e+00   1.0000000e+00
   2.0170031e+00  -1.4355581e+00   1.0000000e+00
   1.6283774e+00  -1.7231018e+00   1.0000000e+00
   1.7153456e+00  -1.6323286e+00   1.0000000e+00
   1.9996879e+00  -2.0042423e+00   1.0000000e+00
   1.8704211e+00  -1.4495065e+00   1.0000000e+00
   2.1268678e+00  -1.7395655e+00   1.0000000e+00
   2.1915592e+00  -1.5380300e+00   1.0000000e+00
   1.7920818e+00  -1.4770637e+00   1.0000000e+00
   1.8837270e+00  -1.9205296e+00   1.0000000e+00
   1.7942928e+00  -1.5959374e+00   1.0000000e+00
   1.7710545e+00  -1.7128065e+00   1.0000000e+00
   2.0058293e+00  -1.8381393e+00   1.0000000e+00
   1.5973513e+00  -1.6530665e+00   1.0000000e+00
   2.0060954e+00  -1.6709696e+00   1.0000000e+00
   1.7093632e+00  -1.5446693e+00   1.0000000e+00
   1.8681076e+00  -1.9291097e+00   1.0000000e+00
   1.9925550e+00  -1.9286285e+00   1.0000000e+00
   1.6210777e+00  -1.7333703e+00   1.0000000e+00
   1.4889849e+00  -1.5661581e+00   1.0000000e+00
   1.7206185e+00  -1.2676057e+00   1.0000000e+00
   1.6315461e+00  -1.6694901e+00   1.0000000e+00
   1.7905621e+00  -1.6913418e+00   1.0000000e+00
   1.7253964e+00  -2.1554680e+00   1.0000000e+00
   1.7478590e+00  -2.0443338e+00   1.0000000e+00
   1.8531339e+00  -1.6578794e+00   1.0000000e+00
   1.5677643e+00  -1.2930442e+00   1.0000000e+00
   1.7736576e+00  -1.8058430e+00   1.0000000e+00
   1.8103859e+00  -1.7780309e+00   1.0000000e+00
   1.8804880e+00  -1.4830961e+00   1.0000000e+00
   2.7535914e+00   8.3628983e-01   2.0000000e+00
   3.0929253e+00   8.1868782e-01   2.0000000e+00
   3.0549529e+00   1.2816973e+00   2.0000000e+00
   2.8984608e+00   8.8724667e-01   2.0000000e+00
   2.8613557e+00   1.1148718e+00   2.0000000e+00
   2.9413160e+00   1.2574578e+00   2.0000000e+00
   2.7720253e+00   1.2285892e+00   2.0000000e+00
   3.2194822e+00   1.3530094e+00   2.0000000e+00
   3.0390884e+00   9.8737446e-01   2.0000000e+00
   3.0974815e+00   1.1734896e+00   2.0000000e+00
   2.6519212e+00   1.0507781e+00   2.0000000e+00
   3.0194586e+00   1.0624781e+00   2.0000000e+00
   3.1036138e+00   8.9081165e-01   2.0000000e+00
   2.8525408e+00   8.7324741e-01   2.0000000e+00
   2.7183942e+00   1.0461727e+00   2.0000000e+00
   2.9174270e+00   1.2444140e+00   2.0000000e+00
   3.0504966e+00   1.1604017e+00   2.0000000e+00
   3.0892351e+00   1.2491409e+00   2.0000000e+00
   2.7846080e+00   1.4092317e+00   2.0000000e+00
   3.4654398e+00   1.1739129e+00   2.0000000e+00
   2.9204630e+00   1.0302035e+00   2.0000000e+00
   2.9714755e+00   8.8129765e-01   2.0000000e+00
   3.1754715e+00   1.0208077e+00   2.0000000e+00
   3.0944107e+00   1.1454532e+00   2.0000000e+00
   3.1969576e+00   1.1040545e+00   2.0000000e+00
   2.8900437e+00   9.1329631e-01   2.0000000e+00
   2.9850348e+00   1.2252476e+00   2.0000000e+00
   3.0105155e+00   1.1353484e+00   2.0000000e+00
   3.3725281e+00   1.1815585e+00   2.0000000e+00
   3.1007189e+00   9.8327599e-01   2.0000000e+00
   3.2378919e+00   1.0381775e+00   2.0000000e+00
   2.8724210e+00   1.0655399e+00   2.0000000e+00
   3.0665534e+00   1.0936338e+00   2.0000000e+00
   2.6476454e+00   1.1540072e+00   2.0000000e+00
   2.9455289e+00   1.0138556e+00   2.0000000e+00
   3.0428398e+00   8.5562835e-01   2.0000000e+00
   2.7785143e+00   1.1195741e+00   2.0000000e+00
   3.1934765e+00   1.0251004e+00   2.0000000e+00
   2.7983644e+00   8.7841802e-01   2.0000000e+00
   2.8399773e+00   1.0129836e+00   2.0000000e+00
   2.9852108e+00   8.1074436e-01   2.0000000e+00
   3.1178172e+00   1.0885743e+00   2.0000000e+00
   2.8331472e+00   1.1765931e+00   2.0000000e+00
   2.9512481e+00   1.1956738e+00   2.0000000e+00
   2.6049883e+00   1.0123978e+00   2.0000000e+00
   3.1999901e+00   1.1187865e+00   2.0000000e+00
   2.7809080e+00   1.1189374e+00   2.0000000e+00
   3.1595390e+00   1.0547139e+00   2.0000000e+00
   2.7858796e+00   1.0753857e+00   2.0000000e+00
   2.9027869e+00   1.1435023e+00   2.0000000e+00
   2.9389180e+00   1.4120053e+00   2.0000000e+00
   3.1130950e+00   1.1113100e+00   2.0000000e+00
   2.8391960e+00   7.5846218e-01   2.0000000e+00
   2.6505952e+00   1.0225860e+00   2.0000000e+00
   2.9079445e+00   1.1716498e+00   2.0000000e+00
   3.2082315e+00   9.3588085e-01   2.0000000e+00
   3.1799010e+00   1.0824013e+00   2.0000000e+00
   3.3675360e+00   1.2806529e+00   2.0000000e+00
   2.9494077e+00   9.9056605e-01   2.0000000e+00
   2.9606502e+00   1.1148790e+00   2.0000000e+00
   3.1785445e+00   1.3823561e+00   2.0000000e+00
   3.3056161e+00   1.0488311e+00   2.0000000e+00
   3.1096662e+00   1.0969129e+00   2.0000000e+00
   3.0057096e+00   1.0781552e+00   2.0000000e+00
   2.9373232e+00   9.1962131e-01   2.0000000e+00
   2.8949430e+00   1.0563565e+00   2.0000000e+00
   2.8462083e+00   1.0708769e+00   2.0000000e+00
   2.8426051e+00   1.3947697e+00   2.0000000e+00
   3.0715939e+00   8.3197882e-01   2.0000000e+00
   3.0213449e+00   7.6878456e-01   2.0000000e+00
   2.9114894e+00   1.0762634e+00   2.0000000e+00
   3.0257311e+00   9.0378766e-01   2.0000000e+00
   3.1309436e+00   1.1392030e+00   2.0000000e+00
   3.0199188e+00   8.4407109e-01   2.0000000e+00
   2.9467711e+00   1.0116079e+00   2.0000000e+00
   3.1709363e+00   1.3326224e+00   2.0000000e+00
   2.9509625e+00   1.0939570e+00   2.0000000e+00
   2.7282813e+00   1.2274878e+00   2.0000000e+00
   2.9848689e+00   1.4829311e+00   2.0000000e+00
   2.8966926e+00   8.0861664e-01   2.0000000e+00
   2.9097163e+00   1.2636070e+00   2.0000000e+00
   2.6360959e+00   1.3433125e+00   2.0000000e+00
   2.9133094e+00   1.0466707e+00   2.0000000e+00
   2.6652493e+00   1.1145767e+00   2.0000000e+00
   2.7882764e+00   1.2106901e+00   2.0000000e+00
   3.5451079e+00   1.2184177e+00   2.0000000e+00
   3.0084416e+00   1.1770825e+00   2.0000000e+00
   2.9963392e+00   1.0764475e+00   2.0000000e+00
   2.9427695e+00   1.1990102e+00   2.0000000e+00
   2.6149353e+00   9.5270403e-01   2.0000000e+00
   2.7574068e+00   1.2018571e+00   2.0000000e+00
   2.8531628e+00   8.8000074e-01   2.0000000e+00
   3.2386656e+00   8.5796477e-01   2.0000000e+00
   3.0900063e+00   1.3097307e+00   2.0000000e+00
   2.7532607e+00   1.1268839e+00   2.0000000e+00
   3.0245709e+00   1.2334637e+00   2.0000000e+00
   3.0150413e+00   1.3352237e+00   2.0000000e+00
   3.0947522e+00   1.1257661e+00   2.0000000e+00
   3.0580670e+00   1.2504872e+00   2.0000000e+00
   2.8503619e+00   8.3775118e-01   2.0000000e+00
   8.5731854e-01   2.9515101e+00   3.0000000e+00
   1.0284314e+00   2.9711646e+00   3.0000000e+00
   4.7528589e-01   3.0008633e+00   3.0000000e+00
   7.2058121e-01   2.6624958e+00   3.0000000e+00
   5.3870345e-01   3.3031349e+00   3.0000000e+00
   6.2172766e-01   2.9176315e+00   3.0000000e+00
   7.5665205e-01   3.1223440e+00   3.0000000e+00
   8.4370651e-01   3.0612712e+00   3.0000000e+00
   6.5623957e-01   2.8558540e+00   3.0000000e+00
   3.8567873e-01   2.7863714e+00   3.0000000e+00
   8.4163796e-01   3.1001878e+00   3.0000000e+00
   6.7837138e-01   3.1022101e+00   3.0000000e+00
   4.9135428e-01   3.1180351e+00   3.0000000e+00
   6.8471225e-01   3.0319416e+00   3.0000000e+00
   3.2687882e-01   3.2632433e+00   3.0000000e+00
   6.1412293e-01   2.7385764e+00   3.0000000e+00
   6.8479879e-01   2.9175783e+00   3.0000000e+00
   5.1255667e-01   2.7981763e+00   3.0000000e+00
   8.7550960e-01   3.1800899e+00   3.0000000e+00
   8.4529586e-01   3.0166313e+00   3.0000000e+00
   7.5359573e-01   2.9824507e+00   3.0000000e+00
   8.0717654e-01   3.1605054e+00   3.0000000e+00
   7.5960247e-01   3.0093335e+00   3.0000000e+00
   6.3620670e-01   2.5457516e+00   3.0000000e+00
   4.0017438e-01   2.8132074e+00   3.0000000e+00
   7.5496411e-01   3.1056307e+00   3.0000000e+00
   5.0995843e-01   2.6873443e+00   3.0000000e+00
   6.8843637e-01   3.0958718e+00   3.0000000e+00
   9.1936231e-01   2.5795813e+00   3.0000000e+00
   4.4989944e-01   3.2714558e+00   3.0000000e+00
   9.9108347e-01   3.1423354e+00   3.0000000e+00
   6.1555169e-01   3.2573398e+00   3.0000000e+00
   6.2551205e-01   2.8306062e+00   3.0000000e+00
   4.8452871e-01   3.3393610e+00   3.0000000e+00
   5.1802689e-01   3.0990363e+00   3.0000000e+00
   4.6885957e-01   3.0502261e+00   3.0000000e+00
   6.7281147e-01   2.9858352e+00   3.0000000e+00
   5.2499452e-01   3.1834108e+00   3.0000000e+00
   6.0778592e-01   2.7704486e+00   3.0000000e+00
   7.0868877e-01   2.9221934e+00   3.0000000e+00
   6.0038980e-01   3.0314914e+00   3.0000000e+00
   8.1379359e-01   3.2432422e+00   3.0000000e+00
   9.9215442e-01   2.8103819e+00   3.0000000e+00
   5.6566822e-01   2.7476632e+00   3.0000000e+00
   5.9884360e-01   2.8995142e+00   3.0000000e+00
   4.4077539e-01   3.0550883e+00   3.0000000e+00
   6.8264383e-01   2.9147678e+00   3.0000000e+00
   5.2469926e-01   2.9764475e+00   3.0000000e+00
   4.1029576e-01   2.9949118e+00   3.0000000e+00
   6.8949350e-01   2.8366523e+00   3.0000000e+00
   8.8733223e-01   2.9709776e+00   3.0000000e+00
   8.4284701e-01   3.1798796e+00   3.0000000e+00
   6.1729567e-01   2.8471044e+00   3.0000000e+00
   8.5644074e-01   3.0843586e+00   3.0000000e+00
   4.5380151e-01   2.9237883e+00   3.0000000e+00
   2.2896542e-01   2.8803150e+00   3.0000000e+00
   4.8229818e-01   3.4011250e+00   3.0000000e+00
   5.5447597e-01   3.2028056e+00   3.0000000e+00
   8.0494980e-01   2.9317300e+00   3.0000000e+00
   5.6568234e-01   2.9885775e+00   3.0000000e+00
   7.8677313e-01   3.0518586e+00   3.0000000e+00
   4.5412465e-01   3.1600231e+00   3.0000000e+00
   8.4235161e-01   2.8586702e+00   3.0000000e+00
   4.5209180e-01   3.1893063e+00   3.0000000e+00
   6.1611582e-01   2.8497645e+00   3.0000000e+00
   6.4853762e-01   3.2458399e+00   3.0000000e+00
   6.6941617e-01   3.1036353e+00   3.0000000e+00
   7.3302292e-01   2.8076271e+00   3.0000000e+00
   5.6599280e-01   3.1280104e+00   3.0000000e+00
   7.7566926e-01   3.1730714e+00   3.0000000e+00
   4.4616100e-01   2.9513331e+00   3.0000000e+00
   5.4242759e-01   3.0149480e+00   3.0000000e+00
   4.4633682e-01   2.7888329e+00   3.0000000e+00
   9.0153908e-01   3.0028074e+00   3.0000000e+00
   8.2709369e-01   3.4227844e+00   3.0000000e+00
   5.7944123e-01   3.0119561e+00   3.0000000e+00
   9.8471108e-01   2.6893024e+00   3.0000000e+00
   7.4612179e-01   2.9540106e+00   3.0000000e+00
   8.1112702e-01   2.9277221e+00   3.0000000e+00
   7.2019633e-01   2.9173497e+00   3.0000000e+00
   7.4130296e-01   3.0076829e+00   3.0000000e+00
   6.7505732e-01   3.4328040e+00   3.0000000e+00
   9.0560235e-01   3.0223912e+00   3.0000000e+00
   7.5492952e-01   2.9407302e+00   3.0000000e+00
   6.2748139e-01   2.9178251e+00   3.0000000e+00
   7.4511195e-01   3.1128954e+00   3.0000000e+00
   6.7195881e-01   3.0052660e+00   3.0000000e+00
   6.4299537e-01   3.0120482e+00   3.0000000e+00
   9.4920230e-01   3.4787608e+00   3.0000000e+00
   5.3154993e-01   3.1201194e+00   3.0000000e+00
   1.0372519e+00   2.8665217e+00   3.0000000e+00
   8.4750402e-01   3.1166268e+00   3.0000000e+00
   6.9450810e-01   3.2142462e+00   3.0000000e+00
   4.2093430e-01   2.8940721e+00   3.0000000e+00
   7.4006752e-01   3.0608732e+00   3.0000000e+00
   8.0824193e-01   2.7122718e+00   3.0000000e+00
   4.6120675e-01   2.7535452e+00   3.0000000e+00
   3.7063114e-01   3.0657992e+00   3.0000000e+00
   8.8449430e-01   2.6927206e+00   3.0000000e+00
   4.4331644e-01   3.0386060e+00   3.0000000e+00
  -1.5085615e+00   1.2837424e+00   4.0000000e+00
  -1.9017638e+00   1.5868768e+00   4.0000000e+00
  -1.9177190e+00   1.3417197e+00   4.0000000e+00
  -1.6506028e+00   1.4671543e+00   4.0000000e+00
  -1.4716725e+00   1.7697532e+00   4.0000000e+00
  -2.0520719e+00   1.5429074e+00   4.0000000e+00
  -1.6218471e+00   1.5037032e+00   4.0000000e+00
  -1.9002890e+00   1.3444213e+00   4.0000000e+00
  -2.0987247e+00   1.2560993e+00   4.0000000e+00
  -1.8020562e+00   1.3551943e+00   4.0000000e+00
  -1.9898550e+00   1.4259274e+00   4.0000000e+00
  -1.9974757e+00   1.4451341e+00   4.0000000e+00
  -1.5971640e+00   1.4221498e+00   4.0000000e+00
  -1.7145957e+00   1.0806533e+00   4.0000000e+00
  -2.1378117e+00   1.5260344e+00   4.0000000e+00
  -1.7715892e+00   1.2819497e+00   4.0000000e+00
  -1.7111543e+00   1.3132318e+00   4.0000000e+00
  -1.9174481e+00   1.5405302e+00   4.0000000e+00
  -1.8934289e+00   1.2422633e+00   4.0000000e+00
  -1.5996944e+00   1.8578780e+00   4.0000000e+00
  -1.8082403e+00   1.0880792e+00   4.0000000e+00
  -1.7225466e+00   1.5688695e+00   4.0000000e+00
  -1.9254395e+00   1.1870742e+00   4.0000000e+00
  -2.0221291e+00   1.3312471e+00   4.0000000e+00
  -1.9635056e+00   1.3032668e+00   4.0000000e+00
  -1.9413992e+00   1.2886711e+00   4.0000000e+00
  -2.2943394e+00   1.1846723e+00   4.0000000e+00
  -2.1393474e+00   1.6568828e+00   4.0000000e+00
  -1.8472539e+00   1.5192412e+00   4.0000000e+00
  -1.6580776e+00   1.5821496e+00   4.0000000e+00
  -1.8546334e+00   1.4368013e+00   4.0000000e+00
  -2.0062543e+00   1.5170193e+00   4.0000000e+00
  -1.9048391e+00   1.2928328e+00   4.0000000e+00
  -2.1560111e+00   1.6474174e+00   4.0000000e+00
  -1.7820018e+00   1.5224299e+00   4.0000000e+00
  -1.9001615e+00   1.4023281e+00   4.0000000e+00
  -1.7337667e+00   1.5256552e+00   4.0000000e+00
  -2.0764186e+00   1.5274722e+00   4.0000000e+00
  -1.5469697e+00   1.5096332e+00   4.0000000e+00
  -1.9434373e+00   1.3244319e+00   4.0000000e+00
  -1.7191631e+00   1.7344582e+00   4.0000000e+00
  -1.9986930e+00   1.5806881e+00   4.0000000e+00
  -1.9664582e+00   1.3258937e+00   4.0000000e+00
  -1.8297454e+00   1.2700946e+00   4.0000000e+00
  -1.8839445e+00   1.4782843e+00   4.0000000e+00
  -2.3502386e+00   1.3529541e+00   4.0000000e+00
  -1.7426756e+00   1.4307805e+00   4.0000000e+00
  -1.8606346e+00   1.7278137e+00   4.0000000e+00
  -1.8009148e+00   1.6590306e+00   4.0000000e+00
  -1.7526497e+00   1.4514674e+00   4.0000000e+00
  -2.0729471e+00   1.2281975e+00   4.0000000e+00
  -1.6317666e+00   1.3700453e+00   4.0000000e+00
  -1.9630108e+00   1.5247748e+00   4.0000000e+00
  -1.8658433e+00   1.3680528e+00   4.0000000e+00
  -1.6000510e+00   1.1197391e+00   4.0000000e+00
  -1.9791180e+00   1.2803676e+00   4.0000000e+00
  -1.8041591e+00   1.7854700e+00   4.0000000e+00
  -1.5623299e+00   1.3961240e+00   4.0000000e+00
  -1.9646121e+00   1.6535586e+00   4.0000000e+00
  -2.1540460e+00   1.4028901e+00   4.0000000e+00
  -1.9069186e+00   1.4043383e+00   4.0000000e+00
  -2.1366002e+00   1.2819454e+00   4.0000000e+00
  -1.7210325e+00   1.3606805e+00   4.0000000e+00
  -1.9815206e+00   1.2955678e+00   4.0000000e+00
  -2.0545342e+00   1.4836851e+00   4.0000000e+00
  -1.9240417e+00   1.4536996e+00   4.0000000e+00
  -1.7538211e+00   1.8281674e+00   4.0000000e+00
  -2.1775041e+00   1.2585339e+00   4.0000000e+00
  -1.4021031e+00   1.8654264e+00   4.0000000e+00
  -2.0015446e+00   1.5308728e+00   4.0000000e+00
  -2.0457320e+00   1.6717703e+00   4.0000000e+00
  -1.8090301e+00   1.5487293e+00   4.0000000e+00
  -1.8447691e+00   1.5385903e+00   4.0000000e+00
  -1.8350200e+00   1.4781482e+00   4.0000000e+00
  -1.5987732e+00   1.1453675e+00   4.0000000e+00
  -2.0451298e+00   1.7276354e+00   4.0000000e+00
  -1.9000906e+00   1.4725270e+00   4.0000000e+00
  -2.0581417e+00   1.8796022e+00   4.0000000e+00
  -1.6647455e+00   1.4444953e+00   4.0000000e+00
  -1.8582278e+00   1.1015954e+00   4.0000000e+00
  -1.7280277e+00   1.5112764e+00   4.0000000e+00
  -1.9760788e+00   1.5214849e+00   4.0000000e+00
  -1.7394804e+00   1.0625998e+00   4.0000000e+00
  -1.8685448e+00   1.4900771e+00   4.0000000e+00
  -1.7109252e+00   1.4725690e+00   4.0000000e+00
  -2.0545012e+00   1.3644610e+00   4.0000000e+00
  -1.8389253e+00   1.3616740e+00   4.0000000e+00
  -1.7981795e+00   1.6228901e+00   4.0000000e+00
  -1.5498315e+00   1.6345448e+00   4.0000000e+00
  -1.8350260e+00   1.2003771e+00   4.0000000e+00
  -1.5107846e+00   1.5165916e+00   4.0000000e+00
  -1.4301061e+00   1.9973130e+00   4.0000000e+00
  -2.0943184e+00   1.6808825e+00   4.0000000e+00
  -1.6456707e+00   1.3032182e+00   4.0000000e+00
  -1.8767325e+00   1.5036721e+00   4.0000000e+00
  -2.0504833e+00   1.5730711e+00   4.0000000e+00
  -2.0702180e+00   1.2940395e+00   4.0000000e+00
  -1.8586711e+00   1.6221574e+00   4.0000000e+00
  -1.8223252e+00   1.1759798e+00   4.0000000e+00
  -1.9957257e+00   1.5478357e+00   4.0000000e+00
  -1.1429143e+00  -1.4684572e+00   5.0000000e+00
  -1.0630302e+00  -1.5094934e+00   5.0000000e+00
  -1.2538433e+00  -1.3927203e+00   5.0000000e+00
  -1.5576902e+00  -1.7044374e+00   5.0000000e+00
  -1.0430513e+00  -1.4087808e+00   5.0000000e+00
  -8.5275642e-01  -1.3748657e+00   5.0000000e+00
  -1.1375594e+00  -1.2186251e+00   5.0000000e+00
  -1.2362400e+00  -1.4149452e+00   5.0000000e+00
  -1.0528900e+00  -1.6701980e+00   5.0000000e+00
  -9.3700118e-01  -1.4826408e+00   5.0000000e+00
  -1.2375730e+00  -1.4803766e+00   5.0000000e+00
  -9.7075360e-01  -1.3195972e+00   5.0000000e+00
  -1.0693964e+00  -1.4677022e+00   5.0000000e+00
  -1.3681877e+00  -1.3948082e+00   5.0000000e+00
  -1.3248305e+00  -1.2188646e+00   5.0000000e+00
  -1.1407846e+00  -1.3684542e+00   5.0000000e+00
  -1.0363897e+00  -1.5660225e+00   5.0000000e+00
  -1.0422400e+00  -1.4631570e+00   5.0000000e+00
  -1.3211141e+00  -1.6491110e+00   5.0000000e+00
  -1.1570393e+00  -1.7570796e+00   5.0000000e+00
  -1.1809732e+00  -1.4805153e+00   5.0000000e+00
  -1.0346307e+00  -1.4996940e+00   5.0000000e+00
  -1.1891391e+00  -1.5023103e+00   5.0000000e+00
  -1.0185704e+00  -1.1934804e+00   5.0000000e+00
  -1.0400121e+00  -1.3010645e+00   5.0000000e+00
  -1.0213708e+00  -1.5669682e+00   5.0000000e+00
  -1.0705897e+00  -1.3130977e+00   5.0000000e+00
  -1.0208772e+00  -1.2599269e+00   5.0000000e+00
  -1.0087188e+00  -1.3009259e+00   5.0000000e+00
  -1.2367133e+00  -1.6101972e+00   5.0000000e+00
  -1.0369168e+00  -1.4726387e+00   5.0000000e+00
  -1.0454767e+00  -1.2870090e+00   5.0000000e+00
  -1.1212856e+00  -1.4066748e+00   5.0000000e+00
  -1.3597059e+00  -1.2851351e+00   5.0000000e+00
  -1.3040436e+00  -1.5347774e+00   5.0000000e+00
  -8.9542463e-01  -1.4058471e+00   5.0000000e+00
  -1.4319944e+00  -1.2094628e+00   5.0000000e+00
  -1.1330014e+00  -1.4986161e+00   5.0000000e+00
  -1.0357983e+00  -1.4675809e+00   5.0000000e+00
  -9.3784393e-01  -1.4094666e+00   5.0000000e+00
  -1.0478384e+00  -1.7159749e+00   5.0000000e+00
  -1.1434217e+00  -1.6430711e+00   5.0000000e+00
  -1.2324016e+00  -1.4955743e+00   5.0000000e+00
  -1.3833069e+00  -1.5653760e+00   5.0000000e+00
  -8.9846642e-01  -1.3445630e+00   5.0000000e+00
  -9.8276747e-01  -1.3742510e+00   5.0000000e+00
  -1.2460222e+00  -1.3888420e+00   5.0000000e+00
  -8.2587151e-01  -1.8009525e+00   5.0000000e+00
  -1.2029750e+00  -1.6476758e+00   5.0000000e+00
  -1.1209214e+00  -1.5237799e+00   5.0000000e+00
  -8.9999910e-01  -1.5538391e+00   5.0000000e+00
  -1.0429388e+00  -1.4851694e+00   5.0000000e+00
  -1.2315890e+00  -1.3764143e+00   5.0000000e+00
  -1.2426914e+00  -1.3281543e+00   5.0000000e+00
  -1.0730496e+00  -1.4343765e+00   5.0000000e+00
  -1.0832580e+00  -1.2269016e+00   5.0000000e+00
  -1.2693143e+00  -1.7078856e+00   5.0000000e+00
  -1.2405511e+00  -1.6231709e+00   5.0000000e+00
  -1.0936567e+00  -1.0599022e+00   5.0000000e+00
  -1.3153792e+00  -1.4248922e+00   5.0000000e+00
  -1.2096916e+00  -1.4974035e+00   5.0000000e+00
  -9.9471223e-01  -1.2857996e+00   5.0000000e+00
  -9.4720725e-01  -1.5390057e+00   5.0000000e+00
  -9.9531038e-01  -1.6894851e+00   5.0000000e+00
  -1.3879887e+00  -1.2655545e+00   5.0000000e+00
  -1.0933414e+00  -1.3509294e+00   5.0000000e+00
  -1.1189305e+00  -1.6073036e+00   5.0000000e+00
  -1.3084975e+00  -1.5769520e+00   5.0000000e+00
  -8.7728882e-01  -1.2633513e+00   5.0000000e+00
  -1.1784614e+00  -1.2229708e+00   5.0000000e+00
  -1.2679366e+00  -1.6897149e+00   5.0000000e+00
  -1.3230049e+00  -1.3491575e+00   5.0000000e+00
  -1.2624129e+00  -1.4605689e+00   5.0000000e+00
  -1.0876290e+00  -1.4603059e+00   5.0000000e+00
  -8.9321143e-01  -1.4654161e+00   5.0000000e+00
  -8.8826840e-01  -1.2490142e+00   5.0000000e+00
  -1.0531451e+00  -1.1782273e+00   5.0000000e+00
  -7.8528040e-01  -1.7143351e+00   5.0000000e+00
  -1.0538653e+00  -1.6234340e+00   5.0000000e+00
  -1.4295254e+00  -1.1168202e+00   5.0000000e+00
  -1.1143321e+00  -1.4236508e+00   5.0000000e+00
  -8.3282313e-01  -1.3376268e+00   5.0000000e+00
  -1.0401122e+00  -1.4886223e+00   5.0000000e+00
  -9.3408890e-01  -1.4459183e+00   5.0000000e+00
  -1.1974883e+00  -1.6276284e+00   5.0000000e+00
  -1.0989042e+00  -1.2268747e+00   5.0000000e+00
  -1.3606093e+00  -1.3745205e+00   5.0000000e+00
  -1.1751122e+00  -1.6676254e+00   5.0000000e+00
  -9.7018351e-01  -1.4632079e+00   5.0000000e+00
  -1.1466901e+00  -1.3629903e+00   5.0000000e+00
  -1.1911409e+00  -1.6762855e+00   5.0000000e+00
  -1.3172087e+00  -1.3073549e+00   5.0000000e+00
  -1.1520286e+00  -1.3186534e+00   5.0000000e+00
  -1.1062548e+00  -1.1279899e+00   5.0000000e+00
  -1.4102644e+00  -1.4096234e+00   5.0000000e+00
  -1.3978275e+00  -1.2133549e+00   5.0000000e+00
  -1.0886245e+00  -1.6195942e+00   5.0000000e+00
  -1.0392456e+00  -1.4609993e+00   5.0000000e+00
  -1.3838788e+00  -1.3642341e+00   5.0000000e+00
  -1.1462634e+00  -1.7112699e+00   5.0000000e+00
