   7.5275170e+00   6.8787811e-03   1.0000000e+00
   6.5793931e+00   1.1488725e+00   1.0000000e+00
   6.8728833e+00  -3.3328813e-01   1.0000000e+00
   7.4900245e+00   1.7424204e-01   1.0000000e+00
   6.8068940e+00   9.9601681e-01   1.0000000e+00
   6.7906355e+00  -1.1909185e-01   1.0000000e+00
   7.7255709e+00  -8.5647064e-02   1.0000000e+00
   7.1125513e+00   3.2018563e-01   1.0000000e+00
   6.9187273e+00   3.5286884e-01   1.0000000e+00
   7.5353766e+00   6.1365242e-01   1.0000000e+00
   8.2321478e+00   5.3252708e-01   1.0000000e+00
   6.8998087e+00   9.0943502e-01   1.0000000e+00
   6.3163546e+00   4.5463404e-01   1.0000000e+00
   7.0884826e+00   2.4529230e-01   1.0000000e+00
   6.6640911e+00  -1.3302063e-01   1.0000000e+00
   7.4260123e+00   1.5764828e+00   1.0000000e+00
   6.3972749e+00   4.5653937e-01   1.0000000e+00
   7.3496987e+00  -1.4266783e-01   1.0000000e+00
   6.7327088e+00   7.4806373e-01   1.0000000e+00
   7.8705633e+00   5.3726933e-01   1.0000000e+00
   7.4403387e+00   3.0069653e-01   1.0000000e+00
   6.4716009e+00  -2.1019013e-01   1.0000000e+00
   6.8420750e+00  -5.8597948e-01   1.0000000e+00
   7.7866765e+00  -6.5677944e-01   1.0000000e+00
   7.3534144e+00   1.0409719e+00   1.0000000e+00
   7.5239804e+00  -1.1618854e+00   1.0000000e+00
   7.9015615e+00  -3.4299171e-01   1.0000000e+00
   7.1382440e+00   7.3470276e-01   1.0000000e+00
   7.3371980e+00  -1.3215738e-01   1.0000000e+00
   7.0212290e+00   6.7745755e-01   1.0000000e+00
   6.7268165e+00  -9.0572936e-02   1.0000000e+00
   7.9490824e+00   2.6105277e-01   1.0000000e+00
   6.8395500e+00   5.6043820e-01   1.0000000e+00
   7.4660905e+00   1.2975989e-01   1.0000000e+00
   6.2612792e+00  -1.0014489e+00   1.0000000e+00
   7.1826218e+00  -8.8371268e-01   1.0000000e+00
   7.4640272e+00   2.9774634e-01   1.0000000e+00
   7.6551761e+00   9.2089145e-02   1.0000000e+00
   7.8569603e+00   7.0967527e-01   1.0000000e+00
   7.2306341e+00  -2.8744630e-02   1.0000000e+00
   6.9259074e+00   1.1528271e+00   1.0000000e+00
   7.1672761e+00   2.2292756e-02   1.0000000e+00
   7.7586612e+00   3.4518281e-01   1.0000000e+00
   8.1040537e+00  -5.7484439e-01   1.0000000e+00
   6.2168822e+00   3.4724061e-01   1.0000000e+00
   6.6758521e+00  -1.9373182e-01   1.0000000e+00
   7.9095712e+00  -2.9993382e-01   1.0000000e+00
   7.5907658e+00  -2.8276554e-01   1.0000000e+00
   6.4582609e+00  -6.0693135e-01   1.0000000e+00
   7.0200725e+00  -2.3655598e-01   1.0000000e+00
   7.7383327e+00   6.2537319e-02   1.0000000e+00
   8.4753380e+00  -3.1447215e-01   1.0000000e+00
   7.7879210e+00  -2.6157340e-01   1.0000000e+00
   7.7291214e+00   6.5779339e-01   1.0000000e+00
   7.0354208e+00   1.4877927e-01   1.0000000e+00
   7.0073187e+00  -8.4161218e-02   1.0000000e+00
   6.8197141e+00  -1.3160883e-01   1.0000000e+00
   8.3335187e+00   9.7582649e-01   1.0000000e+00
   7.7009981e+00   2.2138518e-01   1.0000000e+00
   7.9243719e+00  -1.6674043e-01   1.0000000e+00
   6.3020490e+00   4.3918075e-01   1.0000000e+00
   7.0783911e+00  -7.8280313e-01   1.0000000e+00
   7.0016843e+00  -6.8439635e-01   1.0000000e+00
   7.9356459e+00  -3.7614287e-01   1.0000000e+00
   7.2333402e+00  -3.9377549e-01   1.0000000e+00
   6.9729509e+00   1.3371245e-01   1.0000000e+00
   6.6004823e+00   3.3685707e-01   1.0000000e+00
   7.3379218e+00   5.7661739e-01   1.0000000e+00
   6.3093701e+00  -1.3451579e+00   1.0000000e+00
   7.2638612e+00   1.6502893e-01   1.0000000e+00
   6.9732350e+00   5.0313236e-01   1.0000000e+00
   7.3078068e+00  -2.8531405e-01   1.0000000e+00
   7.8532299e+00  -3.7729024e-01   1.0000000e+00
   7.5603199e+00   4.5888072e-01   1.0000000e+00
   7.3954539e+00   3.5218881e-01   1.0000000e+00
   7.3373613e+00  -5.1842069e-01   1.0000000e+00
   6.3313275e+00   4.2459592e-01   1.0000000e+00
   7.8193109e+00   8.1153465e-01   1.0000000e+00
   6.6508436e+00  -6.0337406e-01   1.0000000e+00
   7.1311661e+00   4.8362734e-01   1.0000000e+00
   6.7858910e+00  -1.0999269e-01   1.0000000e+00
   7.3111245e+00  -5.7454720e-02   1.0000000e+00
   7.2931039e+00   6.1380054e-01   1.0000000e+00
   6.1990438e+00   4.4807509e-01   1.0000000e+00
   6.2571494e+00  -3.1939393e-01   1.0000000e+00
   7.4655810e+00  -7.9087415e-01   1.0000000e+00
   7.5873334e+00   2.2522571e-02   1.0000000e+00
   7.6563794e+00   2.9068165e-01   1.0000000e+00
   6.1086749e+00  -5.5255373e-01   1.0000000e+00
   6.8121024e+00   8.0748063e-01   1.0000000e+00
   7.6760857e+00   3.3155281e-01   1.0000000e+00
   7.2412427e+00   2.3293379e-01   1.0000000e+00
   8.1435635e+00  -6.7650259e-01   1.0000000e+00
   7.0323021e+00  -3.6894936e-01   1.0000000e+00
   7.2384169e+00   8.3269347e-01   1.0000000e+00
   7.4153357e+00   3.2273121e-04   1.0000000e+00
   6.9008000e+00  -1.0478985e-01   1.0000000e+00
   6.6491014e+00  -7.3783046e-01   1.0000000e+00
   6.8103035e+00  -2.3309748e-01   1.0000000e+00
   7.6286479e+00  -5.0036731e-01   1.0000000e+00
   5.9445541e+00   8.7121011e+00   2.0000000e+00
   7.2617452e+00   8.7363986e+00   2.0000000e+00
   6.3039526e+00   8.9448908e+00   2.0000000e+00
   7.4543922e+00   8.8503679e+00   2.0000000e+00
   6.8823238e+00   9.2216381e+00   2.0000000e+00
   7.0010254e+00   9.0414990e+00   2.0000000e+00
   6.2669330e+00   9.2668226e+00   2.0000000e+00
   7.0419576e+00   9.3104803e+00   2.0000000e+00
   6.7944458e+00   9.2453717e+00   2.0000000e+00
   6.7447773e+00   8.9174925e+00   2.0000000e+00
   6.1607509e+00   9.2660267e+00   2.0000000e+00
   6.6436225e+00   8.7619108e+00   2.0000000e+00
   6.5707773e+00   8.5747597e+00   2.0000000e+00
   6.0279634e+00   8.1136223e+00   2.0000000e+00
   6.5248316e+00   8.6675218e+00   2.0000000e+00
   6.1927666e+00   8.9000051e+00   2.0000000e+00
   6.9004013e+00   8.5622331e+00   2.0000000e+00
   6.5747341e+00   9.5624571e+00   2.0000000e+00
   6.5415534e+00   9.3235030e+00   2.0000000e+00
   7.0648701e+00   9.7608352e+00   2.0000000e+00
   6.6804945e+00   8.9790291e+00   2.0000000e+00
   7.1064587e+00   7.7277639e+00   2.0000000e+00
   7.1253939e+00   9.8460072e+00   2.0000000e+00
   7.1666213e+00   9.0124431e+00   2.0000000e+00
   7.8116511e+00   9.4394721e+00   2.0000000e+00
   6.1395026e+00   9.3187530e+00   2.0000000e+00
   6.2073160e+00   9.8796089e+00   2.0000000e+00
   6.9784157e+00   8.7431761e+00   2.0000000e+00
   7.4170790e+00   8.3136443e+00   2.0000000e+00
   6.7932849e+00   9.1741045e+00   2.0000000e+00
   7.1022277e+00   8.9699812e+00   2.0000000e+00
   7.3581232e+00   8.3537079e+00   2.0000000e+00
   6.9849966e+00   8.8635479e+00   2.0000000e+00
   6.7010982e+00   9.2746682e+00   2.0000000e+00
   6.6534266e+00   9.3065222e+00   2.0000000e+00
   6.8766979e+00   1.0412461e+01   2.0000000e+00
   6.7590528e+00   9.3087868e+00   2.0000000e+00
   7.2410576e+00   9.7833942e+00   2.0000000e+00
   7.8310448e+00   8.4812046e+00   2.0000000e+00
   7.0898844e+00   9.9429920e+00   2.0000000e+00
   7.1524665e+00   8.1574018e+00   2.0000000e+00
   7.0643834e+00   9.9194958e+00   2.0000000e+00
   6.9038135e+00   7.9576790e+00   2.0000000e+00
   7.5181344e+00   8.8988012e+00   2.0000000e+00
   7.3485123e+00   7.9934293e+00   2.0000000e+00
   6.6975725e+00   8.5094938e+00   2.0000000e+00
   6.8079085e+00   8.1841577e+00   2.0000000e+00
   6.0614066e+00   8.4437719e+00   2.0000000e+00
   8.0903661e+00   8.9964909e+00   2.0000000e+00
   6.9146655e+00   9.7598236e+00   2.0000000e+00
   7.3955372e+00   1.0009331e+01   2.0000000e+00
   6.6787998e+00   9.0978212e+00   2.0000000e+00
   7.0015394e+00   9.3590898e+00   2.0000000e+00
   6.8808419e+00   9.2523392e+00   2.0000000e+00
   6.9798577e+00   9.3984817e+00   2.0000000e+00
   6.5042100e+00   8.6258988e+00   2.0000000e+00
   6.9743024e+00   8.7274406e+00   2.0000000e+00
   7.1317494e+00   8.6891409e+00   2.0000000e+00
   7.1069403e+00   9.4544832e+00   2.0000000e+00
   6.9989876e+00   8.6466417e+00   2.0000000e+00
   6.7486987e+00   8.9515617e+00   2.0000000e+00
   6.9998521e+00   8.5804277e+00   2.0000000e+00
   6.3651984e+00   9.3410967e+00   2.0000000e+00
   7.0572374e+00   8.9189708e+00   2.0000000e+00
   6.6899771e+00   8.6008117e+00   2.0000000e+00
   7.3214068e+00   8.5889813e+00   2.0000000e+00
   7.9488513e+00   9.0678755e+00   2.0000000e+00
   7.7036940e+00   8.9363705e+00   2.0000000e+00
   7.2332867e+00   8.1236097e+00   2.0000000e+00
   7.2727967e+00   7.9783952e+00   2.0000000e+00
   7.2529410e+00   8.9539643e+00   2.0000000e+00
   6.8698755e+00   8.7278222e+00   2.0000000e+00
   6.7927829e+00   8.6370112e+00   2.0000000e+00
   6.9085453e+00   8.5078603e+00   2.0000000e+00
   6.5157691e+00   9.5569543e+00   2.0000000e+00
   5.6456084e+00   9.0555257e+00   2.0000000e+00
   7.0332093e+00   9.0955058e+00   2.0000000e+00
   7.6634529e+00   9.1613958e+00   2.0000000e+00
   6.2454627e+00   8.7569876e+00   2.0000000e+00
   6.8360434e+00   8.8383812e+00   2.0000000e+00
   7.5564665e+00   9.3008633e+00   2.0000000e+00
   6.9178444e+00   8.6254178e+00   2.0000000e+00
   7.4102709e+00   9.1939351e+00   2.0000000e+00
   7.8150935e+00   9.2450061e+00   2.0000000e+00
   6.6144004e+00   9.4645336e+00   2.0000000e+00
   7.0593754e+00   8.8003263e+00   2.0000000e+00
   8.1661086e+00   8.3020080e+00   2.0000000e+00
   7.7692667e+00   9.1030554e+00   2.0000000e+00
   7.0256013e+00   8.6563024e+00   2.0000000e+00
   7.3292262e+00   8.4691114e+00   2.0000000e+00
   6.9196122e+00   9.1141148e+00   2.0000000e+00
   7.2598867e+00   8.8368771e+00   2.0000000e+00
   6.8257228e+00   8.4197932e+00   2.0000000e+00
   6.7017501e+00   9.0984999e+00   2.0000000e+00
   7.5003827e+00   8.8979390e+00   2.0000000e+00
   6.7197744e+00   9.3789510e+00   2.0000000e+00
   7.0590177e+00   8.9248251e+00   2.0000000e+00
   6.9986237e+00   8.6440814e+00   2.0000000e+00
   7.4937664e+00   8.8204384e+00   2.0000000e+00
   7.6267254e+00   8.9479546e+00   2.0000000e+00
  -1.6932212e+00   1.1890712e+01   3.0000000e+00
  -1.8370041e+00   1.1186142e+01   3.0000000e+00
  -1.5702904e+00   1.2027627e+01   3.0000000e+00
  -7.4424258e-01   1.1066433e+01   3.0000000e+00
  -1.3930990e+00   1.1119505e+01   3.0000000e+00
  -5.9798793e-01   1.1196364e+01   3.0000000e+00
  -1.8109761e+00   1.2567842e+01   3.0000000e+00
  -1.0096814e+00   1.2821091e+01   3.0000000e+00
  -7.7657018e-01   1.1897475e+01   3.0000000e+00
  -1.6893994e+00   1.0791547e+01   3.0000000e+00
  -1.7652859e+00   1.1091355e+01   3.0000000e+00
  -8.9104267e-01   1.0761319e+01   3.0000000e+00
  -2.4236485e+00   1.1060894e+01   3.0000000e+00
  -2.7961173e+00   1.1461806e+01   3.0000000e+00
  -1.3490819e+00   1.1181669e+01   3.0000000e+00
  -1.5397039e+00   1.1640418e+01   3.0000000e+00
  -9.0691192e-01   1.1903788e+01   3.0000000e+00
  -1.0903643e+00   1.1398873e+01   3.0000000e+00
  -1.3649842e+00   1.1234888e+01   3.0000000e+00
  -1.7728064e+00   1.1017340e+01   3.0000000e+00
  -1.7714574e+00   1.1469499e+01   3.0000000e+00
  -1.7456673e+00   1.0375910e+01   3.0000000e+00
  -1.2382089e+00   1.1376160e+01   3.0000000e+00
  -5.2225621e-01   1.2511003e+01   3.0000000e+00
  -4.6640634e-01   1.1037635e+01   3.0000000e+00
  -1.8463214e+00   1.1575261e+01   3.0000000e+00
   1.2765686e-01   1.1839857e+01   3.0000000e+00
  -1.4243441e+00   1.1759255e+01   3.0000000e+00
  -1.5049798e+00   1.2071539e+01   3.0000000e+00
  -1.4774026e+00   1.1437226e+01   3.0000000e+00
  -1.5416608e+00   1.2027475e+01   3.0000000e+00
  -1.5619724e+00   1.1437823e+01   3.0000000e+00
  -9.8158858e-01   1.1442393e+01   3.0000000e+00
  -1.0858302e+00   1.1945928e+01   3.0000000e+00
  -1.3762785e+00   1.1557801e+01   3.0000000e+00
  -1.4989502e+00   1.1247338e+01   3.0000000e+00
  -7.4001839e-01   1.2004936e+01   3.0000000e+00
  -1.4579567e+00   1.2511469e+01   3.0000000e+00
  -7.6478119e-01   1.1404608e+01   3.0000000e+00
  -2.2670358e+00   1.1147713e+01   3.0000000e+00
  -2.1509028e+00   1.1261665e+01   3.0000000e+00
  -1.2630097e+00   1.1304940e+01   3.0000000e+00
  -1.7998605e+00   1.1647404e+01   3.0000000e+00
  -8.5677109e-01   1.1579276e+01   3.0000000e+00
  -1.9678854e+00   1.2577041e+01   3.0000000e+00
  -2.8498173e+00   1.1496822e+01   3.0000000e+00
  -1.2755557e+00   1.1065643e+01   3.0000000e+00
  -1.5798939e+00   1.2509178e+01   3.0000000e+00
  -2.6001940e+00   1.1210664e+01   3.0000000e+00
  -1.8179836e+00   1.1995438e+01   3.0000000e+00
  -6.9951000e-01   1.2397112e+01   3.0000000e+00
  -2.0676075e+00   1.1568545e+01   3.0000000e+00
  -1.3128519e+00   1.1110016e+01   3.0000000e+00
  -1.5952379e+00   1.1089851e+01   3.0000000e+00
  -1.1115752e+00   1.0910980e+01   3.0000000e+00
  -1.1727120e+00   1.1232376e+01   3.0000000e+00
  -1.8002051e+00   1.1928120e+01   3.0000000e+00
  -1.4239458e+00   1.1557571e+01   3.0000000e+00
  -1.5158109e+00   1.1814353e+01   3.0000000e+00
  -1.6161101e+00   1.1946270e+01   3.0000000e+00
  -1.8788826e+00   1.0797108e+01   3.0000000e+00
  -3.2743104e-01   1.1544009e+01   3.0000000e+00
  -2.9229871e-01   1.1359284e+01   3.0000000e+00
  -1.3049637e+00   1.0642559e+01   3.0000000e+00
  -1.2537860e+00   1.2094110e+01   3.0000000e+00
  -1.9792763e+00   1.1236295e+01   3.0000000e+00
  -1.8068490e+00   1.0890098e+01   3.0000000e+00
  -2.3429190e+00   1.1321922e+01   3.0000000e+00
  -2.1220887e+00   1.2346691e+01   3.0000000e+00
  -2.3298600e+00   1.2225858e+01   3.0000000e+00
  -2.1580305e+00   1.0843002e+01   3.0000000e+00
  -2.1378264e+00   1.1338390e+01   3.0000000e+00
  -1.7859306e+00   1.1583438e+01   3.0000000e+00
  -1.4887235e+00   1.0996207e+01   3.0000000e+00
  -8.9459815e-01   1.1342898e+01   3.0000000e+00
  -1.6950422e+00   1.2034398e+01   3.0000000e+00
  -1.8919986e+00   1.1409344e+01   3.0000000e+00
  -1.3471791e+00   1.1945975e+01   3.0000000e+00
  -1.3059554e+00   1.1572252e+01   3.0000000e+00
  -1.2021998e+00   1.1472098e+01   3.0000000e+00
  -1.4757514e+00   1.1164207e+01   3.0000000e+00
  -1.9688403e+00   1.1353128e+01   3.0000000e+00
  -1.5531661e+00   1.2726186e+01   3.0000000e+00
  -1.9342192e+00   1.1363779e+01   3.0000000e+00
  -2.0607082e+00   1.1769607e+01   3.0000000e+00
  -1.4301430e+00   1.1289429e+01   3.0000000e+00
  -1.8390607e+00   1.1937330e+01   3.0000000e+00
  -1.7620686e+00   1.1057825e+01   3.0000000e+00
  -2.0828821e+00   1.2056620e+01   3.0000000e+00
  -1.8933756e+00   1.1882417e+01   3.0000000e+00
  -1.3026153e+00   1.1344055e+01   3.0000000e+00
  -9.5245189e-01   1.2025705e+01   3.0000000e+00
  -2.1734566e+00   1.2211288e+01   3.0000000e+00
  -1.9862013e+00   1.1349185e+01   3.0000000e+00
  -1.0265971e+00   1.2458301e+01   3.0000000e+00
  -1.0920369e+00   1.1512503e+01   3.0000000e+00
  -8.1117627e-01   1.1309732e+01   3.0000000e+00
  -1.3482650e+00   1.1136696e+01   3.0000000e+00
  -1.6821347e+00   1.1086165e+01   3.0000000e+00
  -1.9158203e+00   1.1716640e+01   3.0000000e+00
  -6.4532458e+00   4.2334053e+00   4.0000000e+00
  -6.2761058e+00   4.8958564e+00   4.0000000e+00
  -6.4395110e+00   3.1496153e+00   4.0000000e+00
  -6.6162598e+00   3.6725086e+00   4.0000000e+00
  -6.4927591e+00   3.9983082e+00   4.0000000e+00
  -6.4917517e+00   3.5807647e+00   4.0000000e+00
  -5.9068431e+00   3.8381365e+00   4.0000000e+00
  -5.9992426e+00   4.6036444e+00   4.0000000e+00
  -6.4973551e+00   4.3478222e+00   4.0000000e+00
  -6.8620300e+00   4.6782564e+00   4.0000000e+00
  -7.5212290e+00   3.4332810e+00   4.0000000e+00
  -7.2170604e+00   4.5678139e+00   4.0000000e+00
  -6.1559495e+00   4.3990857e+00   4.0000000e+00
  -6.6346454e+00   4.0202381e+00   4.0000000e+00
  -6.5786957e+00   3.6163680e+00   4.0000000e+00
  -6.4575653e+00   3.7496854e+00   4.0000000e+00
  -6.3573222e+00   5.5387996e+00   4.0000000e+00
  -7.0480523e+00   4.2088364e+00   4.0000000e+00
  -6.4078742e+00   4.6999154e+00   4.0000000e+00
  -7.0003932e+00   3.3451864e+00   4.0000000e+00
  -6.6689387e+00   3.3140267e+00   4.0000000e+00
  -6.6584675e+00   3.9748848e+00   4.0000000e+00
  -6.1845275e+00   3.9177150e+00   4.0000000e+00
  -6.7645950e+00   4.4590308e+00   4.0000000e+00
  -6.6276648e+00   4.2746301e+00   4.0000000e+00
  -6.9965796e+00   3.2599741e+00   4.0000000e+00
  -5.6648910e+00   3.3411803e+00   4.0000000e+00
  -6.7747425e+00   4.1779856e+00   4.0000000e+00
  -6.2770991e+00   4.1926141e+00   4.0000000e+00
  -6.8767012e+00   3.9523456e+00   4.0000000e+00
  -7.1135847e+00   3.8439642e+00   4.0000000e+00
  -6.5074921e+00   4.6533113e+00   4.0000000e+00
  -6.9687943e+00   4.3038356e+00   4.0000000e+00
  -5.6609858e+00   2.7336485e+00   4.0000000e+00
  -6.4404055e+00   4.4165771e+00   4.0000000e+00
  -7.0530730e+00   4.9744335e+00   4.0000000e+00
  -7.3387882e+00   4.7324620e+00   4.0000000e+00
  -6.2165856e+00   3.7785483e+00   4.0000000e+00
  -6.0976014e+00   4.2433917e+00   4.0000000e+00
  -7.5252211e+00   3.5954151e+00   4.0000000e+00
  -6.8593468e+00   3.3094321e+00   4.0000000e+00
  -7.3153690e+00   4.2111774e+00   4.0000000e+00
  -6.6205893e+00   4.1085826e+00   4.0000000e+00
  -5.8260955e+00   4.3433206e+00   4.0000000e+00
  -6.0091651e+00   4.0680513e+00   4.0000000e+00
  -7.2405500e+00   4.3099088e+00   4.0000000e+00
  -7.6748076e+00   2.9274523e+00   4.0000000e+00
  -7.1164057e+00   4.3713843e+00   4.0000000e+00
  -6.1942575e+00   4.4624697e+00   4.0000000e+00
  -6.0854504e+00   3.8525964e+00   4.0000000e+00
  -6.7417737e+00   4.1887247e+00   4.0000000e+00
  -6.4326210e+00   3.8132800e+00   4.0000000e+00
  -6.3944626e+00   4.3629130e+00   4.0000000e+00
  -7.0026272e+00   3.9776458e+00   4.0000000e+00
  -5.6069373e+00   4.0873155e+00   4.0000000e+00
  -6.7027553e+00   4.2916935e+00   4.0000000e+00
  -6.3864032e+00   3.9913892e+00   4.0000000e+00
  -6.3719805e+00   4.5978323e+00   4.0000000e+00
  -6.1022585e+00   4.9056315e+00   4.0000000e+00
  -6.7428286e+00   3.7464566e+00   4.0000000e+00
  -7.0243422e+00   4.0238923e+00   4.0000000e+00
  -6.1165201e+00   4.5464433e+00   4.0000000e+00
  -5.3907015e+00   4.2392817e+00   4.0000000e+00
  -7.5558118e+00   3.5306256e+00   4.0000000e+00
  -7.3809647e+00   3.5338760e+00   4.0000000e+00
  -6.8461257e+00   3.5046993e+00   4.0000000e+00
  -7.5581966e+00   4.2977540e+00   4.0000000e+00
  -6.2267251e+00   4.5071160e+00   4.0000000e+00
  -6.9382352e+00   4.2592399e+00   4.0000000e+00
  -5.6185256e+00   4.5911550e+00   4.0000000e+00
  -6.6244353e+00   4.5842109e+00   4.0000000e+00
  -6.7093503e+00   4.2446790e+00   4.0000000e+00
  -6.0879096e+00   4.4459134e+00   4.0000000e+00
  -6.5555079e+00   3.8626406e+00   4.0000000e+00
  -6.8855025e+00   4.1567705e+00   4.0000000e+00
  -6.9231726e+00   3.3821371e+00   4.0000000e+00
  -6.7540576e+00   5.5832966e+00   4.0000000e+00
  -6.1373907e+00   4.0190230e+00   4.0000000e+00
  -6.7573976e+00   3.3408593e+00   4.0000000e+00
  -6.0897183e+00   4.4469420e+00   4.0000000e+00
  -6.1327918e+00   5.2548529e+00   4.0000000e+00
  -6.3948247e+00   3.9929247e+00   4.0000000e+00
  -6.1685218e+00   3.1060731e+00   4.0000000e+00
  -6.9307566e+00   3.6713973e+00   4.0000000e+00
  -6.9147195e+00   4.6823900e+00   4.0000000e+00
  -6.1618334e+00   4.4814928e+00   4.0000000e+00
  -6.3210409e+00   5.2884732e+00   4.0000000e+00
  -7.3351358e+00   4.1360151e+00   4.0000000e+00
  -6.3953736e+00   4.0883016e+00   4.0000000e+00
  -6.3862258e+00   3.1518257e+00   4.0000000e+00
  -5.5128250e+00   5.6811296e+00   4.0000000e+00
  -6.2995260e+00   3.8264024e+00   4.0000000e+00
  -6.8093650e+00   4.5372602e+00   4.0000000e+00
  -6.2779415e+00   4.1528008e+00   4.0000000e+00
  -6.6157048e+00   4.3290970e+00   4.0000000e+00
  -6.3236317e+00   3.8656961e+00   4.0000000e+00
  -6.7587135e+00   3.9910471e+00   4.0000000e+00
  -6.0398451e+00   4.1005630e+00   4.0000000e+00
  -6.0997350e+00   4.4618504e+00   4.0000000e+00
  -7.3155243e+00   3.9419078e+00   4.0000000e+00
  -9.8993516e-01  -2.8445597e+00   5.0000000e+00
  -1.1366683e+00  -2.6606062e+00   5.0000000e+00
  -1.4285913e+00  -2.5904123e+00   5.0000000e+00
  -8.7055146e-02  -3.1658071e+00   5.0000000e+00
  -2.2360921e+00  -2.9930935e+00   5.0000000e+00
  -1.6446569e+00  -2.8592517e+00   5.0000000e+00
  -1.1133162e+00  -3.4447038e+00   5.0000000e+00
  -1.6360837e+00  -3.6462170e+00   5.0000000e+00
  -1.1024015e+00  -2.5444750e+00   5.0000000e+00
  -1.4304601e+00  -2.3745404e+00   5.0000000e+00
  -1.3280373e+00  -3.3759954e+00   5.0000000e+00
  -1.1866279e+00  -3.6387300e+00   5.0000000e+00
  -4.6030451e-01  -2.7363261e+00   5.0000000e+00
  -1.3323012e+00  -2.8617951e+00   5.0000000e+00
  -2.4012352e+00  -2.9258297e+00   5.0000000e+00
  -6.0500858e-01  -2.9802521e+00   5.0000000e+00
  -8.4623441e-01  -3.1235686e+00   5.0000000e+00
  -1.2797823e+00  -2.5791125e+00   5.0000000e+00
  -1.5386458e+00  -2.4240651e+00   5.0000000e+00
  -1.4890301e+00  -3.3387258e+00   5.0000000e+00
  -1.7563538e+00  -3.3738783e+00   5.0000000e+00
  -9.7675920e-01  -4.0727724e+00   5.0000000e+00
  -1.3963308e-01  -3.4431321e+00   5.0000000e+00
  -1.5020004e+00  -4.3664094e+00   5.0000000e+00
   4.6114111e-02  -3.2998347e+00   5.0000000e+00
  -7.2715982e-01  -2.3953211e+00   5.0000000e+00
  -2.4861099e+00  -2.8057696e+00   5.0000000e+00
  -1.0775274e+00  -2.8224597e+00   5.0000000e+00
  -1.0159521e+00  -3.4155487e+00   5.0000000e+00
  -1.8485343e+00  -3.2494804e+00   5.0000000e+00
  -9.2717225e-01  -2.7529899e+00   5.0000000e+00
  -1.9120153e+00  -2.7431669e+00   5.0000000e+00
  -1.4160462e+00  -3.2721991e+00   5.0000000e+00
  -8.2826193e-01  -3.2264588e+00   5.0000000e+00
  -1.6379725e+00  -2.7000501e+00   5.0000000e+00
  -9.6597843e-01  -3.0783913e+00   5.0000000e+00
  -1.6406258e+00  -2.9036878e+00   5.0000000e+00
  -1.4541153e+00  -3.2961001e+00   5.0000000e+00
  -1.3973156e+00  -2.4036808e+00   5.0000000e+00
  -2.1814998e+00  -3.6309584e+00   5.0000000e+00
  -1.5108393e+00  -3.6187754e+00   5.0000000e+00
  -1.0384629e+00  -3.2339538e+00   5.0000000e+00
  -1.3724743e+00  -3.2011356e+00   5.0000000e+00
  -1.3374673e+00  -3.0923415e+00   5.0000000e+00
  -6.8815178e-01  -2.3990383e+00   5.0000000e+00
  -1.8064157e+00  -3.6479692e+00   5.0000000e+00
  -1.5457384e+00  -2.5769426e+00   5.0000000e+00
  -1.1887513e+00  -2.2848603e+00   5.0000000e+00
  -1.6130916e+00  -3.4614099e+00   5.0000000e+00
  -9.8536105e-01  -2.9316857e+00   5.0000000e+00
  -5.3952334e-01  -2.8351901e+00   5.0000000e+00
  -1.1323973e+00  -3.8540514e+00   5.0000000e+00
  -9.7151897e-01  -2.1592854e+00   5.0000000e+00
  -6.7528224e-01  -2.2178855e+00   5.0000000e+00
  -1.9233330e+00  -2.9411311e+00   5.0000000e+00
  -1.0855582e+00  -2.5063352e+00   5.0000000e+00
  -2.2430158e+00  -2.0749370e+00   5.0000000e+00
  -1.7582930e+00  -2.9950569e+00   5.0000000e+00
  -4.6581044e-01  -3.5291371e+00   5.0000000e+00
  -9.6869978e-01  -2.6947749e+00   5.0000000e+00
  -1.8894981e+00  -2.7772214e+00   5.0000000e+00
  -1.1606187e+00  -2.4859184e+00   5.0000000e+00
  -1.3496792e+00  -2.7109865e+00   5.0000000e+00
  -1.7141411e+00  -2.6650923e+00   5.0000000e+00
  -1.6465492e+00  -2.2740057e+00   5.0000000e+00
  -4.0310281e-01  -3.1799491e+00   5.0000000e+00
  -2.0048125e+00  -2.8458310e+00   5.0000000e+00
  -1.2886464e+00  -3.6486567e+00   5.0000000e+00
  -1.3383608e+00  -2.0351597e+00   5.0000000e+00
  -1.6227661e+00  -2.7594586e+00   5.0000000e+00
  -2.3541886e-01  -2.8367715e+00   5.0000000e+00
  -1.5406264e+00  -2.7353157e+00   5.0000000e+00
  -1.6543338e+00  -3.5526874e+00   5.0000000e+00
  -1.2577181e+00  -2.5231607e+00   5.0000000e+00
  -1.0628670e+00  -2.6937102e+00   5.0000000e+00
  -1.1593013e+00  -2.6167633e+00   5.0000000e+00
  -2.1451893e+00  -3.0519863e+00   5.0000000e+00
  -1.2563309e+00  -3.4426604e+00   5.0000000e+00
  -9.8180799e-01  -1.6089435e+00   5.0000000e+00
  -2.0892010e+00  -3.2599223e+00   5.0000000e+00
  -1.3297789e+00  -3.1938946e+00   5.0000000e+00
  -1.0013387e+00  -3.1942497e+00   5.0000000e+00
  -8.8010120e-01  -3.0461377e+00   5.0000000e+00
  -9.8555912e-01  -3.4591680e+00   5.0000000e+00
  -7.8062969e-01  -3.9162237e+00   5.0000000e+00
  -6.5049590e-01  -2.7789043e+00   5.0000000e+00
  -2.3055271e+00  -2.3718050e+00   5.0000000e+00
  -2.5912815e+00  -2.2474283e+00   5.0000000e+00
  -7.3681002e-01  -3.0413302e+00   5.0000000e+00
  -1.7251161e+00  -1.6542567e+00   5.0000000e+00
  -1.5676031e+00  -2.5912334e+00   5.0000000e+00
  -1.3185350e+00  -3.1600967e+00   5.0000000e+00
  -2.8895666e+00  -3.2085926e+00   5.0000000e+00
  -1.4202124e+00  -2.9644806e+00   5.0000000e+00
  -2.0837820e+00  -2.9556674e+00   5.0000000e+00
  -7.7525520e-01  -2.3323721e+00   5.0000000e+00
  -1.4047424e+00  -1.9583192e+00   5.0000000e+00
  -1.0965416e+00  -2.5651301e+00   5.0000000e+00
  -7.6320139e-01  -3.7360735e+00   5.0000000e+00
  -1.8575200e+00  -2.4638051e+00   5.0000000e+00
