   1.7035632e+00   9.4508558e-01   1.0000000e+00
  -8.7875227e-01  -3.8702020e-01   1.0000000e+00
  -4.8476133e-01   6.5296456e+00   1.0000000e+00
  -1.5097829e+00   5.6026309e+00   1.0000000e+00
  -2.0035115e+00  -1.7582334e-01   1.0000000e+00
   1.5866397e-01   5.7735977e+00   1.0000000e+00
  -2.8480310e+00  -4.6284593e+00   1.0000000e+00
  -1.0218798e+00   1.4720768e+00   1.0000000e+00
  -3.2312888e+00   6.0151177e-01   1.0000000e+00
  -1.6562691e+00   4.1082360e+00   1.0000000e+00
   9.3249508e-01   5.0477899e+00   1.0000000e+00
  -2.1098401e+00   2.1111822e+00   1.0000000e+00
  -3.3805654e+00   1.1828898e+00   1.0000000e+00
   2.8382779e-02   4.3535341e-01   1.0000000e+00
   2.3929023e+00   4.1177052e+00   1.0000000e+00
   1.3363882e+00   4.0993814e+00   1.0000000e+00
   1.5211061e+00   2.2234356e+00   1.0000000e+00
   1.9678050e+00   2.6533896e+00   1.0000000e+00
   3.7276121e+00   4.9892085e+00   1.0000000e+00
  -1.3128787e+00  -1.1439328e-01   1.0000000e+00
  -4.0078344e-01   7.3809819e-01   1.0000000e+00
  -2.8512697e+00  -8.2907854e-01   1.0000000e+00
   5.4954147e+00   5.5734067e+00   1.0000000e+00
   1.6766177e+00  -8.5915604e-01   1.0000000e+00
   1.0820968e+00  -6.5703456e-01   1.0000000e+00
   6.5360393e-02   5.4100233e+00   1.0000000e+00
  -2.4202872e+00   3.0976182e+00   1.0000000e+00
   1.9604711e+00   2.6091444e+00   1.0000000e+00
  -2.7457176e+00   2.6640378e+00   1.0000000e+00
   1.8903632e+00   4.1325924e+00   1.0000000e+00
  -1.7608179e+00   3.4196368e-01   1.0000000e+00
  -7.1990899e-01   5.8347756e+00   1.0000000e+00
  -3.6008176e-01   7.3578565e+00   1.0000000e+00
   2.7973260e+00   5.9657933e-01   1.0000000e+00
  -1.2779502e+00   3.8207287e+00   1.0000000e+00
   4.3899497e+00  -2.0871585e+00   1.0000000e+00
   2.5660701e+00  -1.4448944e+00   1.0000000e+00
   4.5991908e-01   4.0621541e+00   1.0000000e+00
  -2.0860559e+00  -4.2625776e+00   1.0000000e+00
   2.5347631e+00  -3.5096003e+00   1.0000000e+00
   2.4028176e+00   1.0409849e-01   1.0000000e+00
  -1.4910714e-01  -3.0951899e-01   1.0000000e+00
   3.1494938e+00  -1.9612405e+00   1.0000000e+00
   2.6280330e-02   9.3816905e+00   1.0000000e+00
  -1.0227131e+00   8.9515109e-01   1.0000000e+00
   4.4446118e+00   6.5009382e+00   1.0000000e+00
  -3.0346152e+00   2.2269579e+00   1.0000000e+00
   1.7042162e+00   9.7923599e-01   1.0000000e+00
  -1.2503300e+00  -2.3693752e+00   1.0000000e+00
   1.2104123e+00   5.0306718e+00   1.0000000e+00
   1.2578046e+00   2.8797972e+00   1.0000000e+00
   5.7710660e+00   5.2046304e-01   1.0000000e+00
  -2.6714312e+00   1.9124414e+00   1.0000000e+00
  -3.5982502e+00   5.9609431e-01   1.0000000e+00
   4.5692086e+00  -6.2312779e-02   1.0000000e+00
  -5.7712017e+00  -1.0812821e+00   1.0000000e+00
  -3.5386192e+00   2.7410375e+00   1.0000000e+00
   2.2196219e-01   1.9391049e+00   1.0000000e+00
   1.9703991e+00   5.8978386e+00   1.0000000e+00
  -2.0052997e+00   4.8003463e+00   1.0000000e+00
   1.7119778e+00   3.5746359e-01   1.0000000e+00
   2.1701287e+00   6.2137385e+00   1.0000000e+00
   5.2360152e+00  -7.4244851e-01   1.0000000e+00
  -3.4712822e+00   6.3558667e-01   1.0000000e+00
  -1.4254613e+00  -1.7683067e-02   1.0000000e+00
  -2.0258349e+00   5.1926609e-01   1.0000000e+00
   5.6913006e+00   3.0309265e+00   1.0000000e+00
  -2.3969827e+00   4.8959237e+00   1.0000000e+00
   2.3800025e+00   3.5126437e+00   1.0000000e+00
   5.3252949e-01   7.8663857e-01   1.0000000e+00
  -1.0812079e+00  -5.1823531e-01   1.0000000e+00
  -1.8648067e+00  -3.9615829e+00   1.0000000e+00
   2.0176983e+00  -6.6742630e-02   1.0000000e+00
   6.9496292e-01   1.1107549e-01   1.0000000e+00
   5.0263113e-01   3.9792306e+00   1.0000000e+00
   1.1603999e+00   1.4826500e+00   1.0000000e+00
  -4.6826006e+00   1.6062728e+00   1.0000000e+00
   8.4691982e-01  -1.7404627e-01   1.0000000e+00
  -3.1218365e+00   2.2767893e+00   1.0000000e+00
   5.3696056e+00   5.7467802e-01   1.0000000e+00
   6.1062571e+00   3.1041429e+00   1.0000000e+00
  -3.5283042e-01   1.2562716e+00   1.0000000e+00
  -6.9744759e-01   2.2517200e+00   1.0000000e+00
  -3.4429495e+00  -3.0961021e-01   1.0000000e+00
  -3.1884125e+00   1.6167085e+00   1.0000000e+00
   6.9039646e-02   3.1480908e+00   1.0000000e+00
  -4.8785117e-01   1.0456393e+00   1.0000000e+00
  -4.9585321e+00   5.6322575e+00   1.0000000e+00
  -5.2589022e+00   7.8207063e+00   1.0000000e+00
  -1.5093934e+00  -1.0894772e+00   1.0000000e+00
   1.7828504e+00   5.5230939e+00   1.0000000e+00
   2.9037261e+00   3.2326465e+00   1.0000000e+00
   1.3673549e-01  -5.1603496e-02   1.0000000e+00
   1.8172488e-02   1.8860761e+00   1.0000000e+00
   4.2836667e-01   4.2823529e+00   1.0000000e+00
  -1.3421559e+00   4.9461853e+00   1.0000000e+00
   6.6991359e-01  -1.6671719e+00   1.0000000e+00
   1.9720148e+00   4.5248390e+00   1.0000000e+00
  -3.5384959e+00   1.5231075e+00   1.0000000e+00
   2.6158228e+00   4.2237718e-02   1.0000000e+00
  -8.4681819e+00   3.7813214e+00   2.0000000e+00
  -1.0451315e+01   9.6761852e+00   2.0000000e+00
  -7.0494740e+00   5.9339413e+00   2.0000000e+00
  -5.2958691e+00   5.6248052e+00   2.0000000e+00
  -7.0698441e+00   2.2469487e+00   2.0000000e+00
  -1.4648296e+01   2.7459150e+00   2.0000000e+00
  -1.7575473e+01   8.3385160e+00   2.0000000e+00
  -1.0228970e+01   7.7253402e+00   2.0000000e+00
  -1.0808230e+01   1.6428727e+00   2.0000000e+00
  -8.1545679e+00   4.4988077e+00   2.0000000e+00
  -1.0294286e+01   8.3861394e+00   2.0000000e+00
  -1.0851411e+01   8.8747052e+00   2.0000000e+00
  -1.1059944e+01   8.2118208e+00   2.0000000e+00
  -1.3559785e+01   3.6368321e+00   2.0000000e+00
  -1.2646212e+01   4.2781339e+00   2.0000000e+00
  -1.0221614e+01   5.9940988e+00   2.0000000e+00
  -1.0853950e+01   8.1006932e+00   2.0000000e+00
  -9.8120132e+00   7.2278176e+00   2.0000000e+00
  -1.1866384e+01   5.4906257e+00   2.0000000e+00
  -1.5829592e+01   6.7276124e+00   2.0000000e+00
  -1.2712462e+01   8.0368720e+00   2.0000000e+00
  -9.7334546e+00   5.5021271e+00   2.0000000e+00
  -1.4446370e+01   8.1668843e+00   2.0000000e+00
  -1.2023767e+01   1.0602382e+01   2.0000000e+00
  -8.8807102e+00   6.6326493e+00   2.0000000e+00
  -1.5962053e+01   7.5775914e+00   2.0000000e+00
  -1.3234219e+01   5.7360732e+00   2.0000000e+00
  -1.2939835e+01   4.4538906e+00   2.0000000e+00
  -1.4915891e+01   6.8368816e+00   2.0000000e+00
  -1.2031433e+01   1.1015918e+01   2.0000000e+00
  -1.3056333e+01   4.8188603e+00   2.0000000e+00
  -1.0903142e+01   9.2147065e+00   2.0000000e+00
  -7.9029621e+00   5.5346487e+00   2.0000000e+00
  -1.2250734e+01   7.7309099e+00   2.0000000e+00
  -1.1463029e+01   5.3840376e+00   2.0000000e+00
  -9.6100595e+00   7.2447739e+00   2.0000000e+00
  -9.2197265e+00   6.3516354e+00   2.0000000e+00
  -9.3802129e+00   8.8558228e+00   2.0000000e+00
  -1.2072767e+01   3.3829709e+00   2.0000000e+00
  -1.0193737e+01   6.7242593e+00   2.0000000e+00
  -8.1940653e+00   6.2286399e+00   2.0000000e+00
  -1.0353037e+01   6.7462070e+00   2.0000000e+00
  -1.2961562e+01   6.8482819e+00   2.0000000e+00
  -1.0161486e+01   6.1867957e+00   2.0000000e+00
  -1.2808654e+01   8.6656010e+00   2.0000000e+00
  -1.3836923e+01   3.1977543e+00   2.0000000e+00
  -1.1101042e+01   3.7771532e+00   2.0000000e+00
  -1.5513572e+01   7.1939272e+00   2.0000000e+00
  -9.9042783e+00   5.3237236e+00   2.0000000e+00
  -1.0227066e+01   3.2661519e+00   2.0000000e+00
  -1.1394182e+01   3.7892674e+00   2.0000000e+00
  -1.3941649e+01   4.4338213e+00   2.0000000e+00
  -1.7590295e+01   8.8648715e+00   2.0000000e+00
  -1.6095940e+01   6.8326227e+00   2.0000000e+00
  -1.0523182e+01   4.4420002e+00   2.0000000e+00
  -1.1496506e+01   1.2745002e+01   2.0000000e+00
  -8.6649893e+00   5.7502124e+00   2.0000000e+00
  -1.3346550e+01   6.1626847e+00   2.0000000e+00
  -1.3981519e+01   8.2821381e+00   2.0000000e+00
  -1.2366145e+01   2.4762064e-01   2.0000000e+00
  -7.7285465e+00   7.4143243e+00   2.0000000e+00
  -9.0906185e+00   6.2019445e+00   2.0000000e+00
  -1.2818312e+01   5.3516716e+00   2.0000000e+00
  -1.7859975e+01   8.4191700e+00   2.0000000e+00
  -4.9560750e+00   7.1703573e+00   2.0000000e+00
  -9.8534452e+00   1.0091694e+01   2.0000000e+00
  -1.0573105e+01   9.7902917e+00   2.0000000e+00
  -7.7371863e+00   3.9022801e+00   2.0000000e+00
  -9.8640162e+00   1.0002019e+01   2.0000000e+00
  -1.1250537e+01   7.7906324e+00   2.0000000e+00
  -9.0315900e+00   9.9974610e+00   2.0000000e+00
  -1.1080805e+01   8.4751893e+00   2.0000000e+00
  -1.5851579e+01   8.5271804e+00   2.0000000e+00
  -1.5615209e+01   7.7179621e+00   2.0000000e+00
  -1.1271534e+01   5.3636290e+00   2.0000000e+00
  -1.0478684e+01   9.3764714e+00   2.0000000e+00
  -1.0848161e+01   5.2878090e+00   2.0000000e+00
  -1.4560018e+01   7.9523602e+00   2.0000000e+00
  -1.4665628e+01   4.4778459e+00   2.0000000e+00
  -1.1308816e+01   1.8293947e+00   2.0000000e+00
  -1.1812408e+01   1.8330799e+00   2.0000000e+00
  -6.6109661e+00   7.3503175e+00   2.0000000e+00
  -1.0764207e+01   7.1293330e+00   2.0000000e+00
  -7.6478554e+00   7.0306815e+00   2.0000000e+00
  -8.2025529e+00   9.1783619e+00   2.0000000e+00
  -1.6918996e+01   6.5303084e+00   2.0000000e+00
  -1.3132578e+01   1.1450191e+01   2.0000000e+00
  -1.4886653e+01   8.1821202e+00   2.0000000e+00
  -1.2602341e+01   4.4115608e+00   2.0000000e+00
  -1.0915752e+01   3.0763108e+00   2.0000000e+00
  -1.3434732e+01   1.1240011e+01   2.0000000e+00
  -1.2770868e+01   5.6933685e+00   2.0000000e+00
  -1.2891933e+01   1.0502107e+01   2.0000000e+00
  -5.8369268e+00   3.9497232e+00   2.0000000e+00
  -1.2867022e+01   1.3134622e+01   2.0000000e+00
  -1.2302736e+01   2.0214332e+00   2.0000000e+00
  -1.0431391e+01   4.4797111e+00   2.0000000e+00
  -1.7061923e+01   7.2651461e+00   2.0000000e+00
  -9.9751413e+00   4.1447019e+00   2.0000000e+00
  -1.6127496e+01   1.2656949e+00   2.0000000e+00
  -2.2816862e+01  -8.2144353e+00   3.0000000e+00
  -2.0496049e+01  -1.8950911e+00   3.0000000e+00
  -1.8884737e+01  -4.5280793e+00   3.0000000e+00
  -2.0248633e+01  -3.6695352e+00   3.0000000e+00
  -1.7131590e+01  -3.2087536e+00   3.0000000e+00
  -2.0197626e+01  -1.9550613e+00   3.0000000e+00
  -1.8748100e+01  -1.1933391e+01   3.0000000e+00
  -2.4646883e+01  -2.6499868e+00   3.0000000e+00
  -1.7127618e+01  -4.5795853e+00   3.0000000e+00
  -1.9042994e+01  -6.6446020e+00   3.0000000e+00
  -2.5752862e+01  -2.3865474e+00   3.0000000e+00
  -1.7535572e+01  -4.4951108e+00   3.0000000e+00
  -2.0264221e+01  -3.8937642e+00   3.0000000e+00
  -1.8758773e+01  -1.7552890e+00   3.0000000e+00
  -2.2442189e+01   4.9501563e+00   3.0000000e+00
  -2.0194640e+01  -4.0124420e+00   3.0000000e+00
  -2.2228542e+01  -5.2735853e-01   3.0000000e+00
  -1.9894002e+01  -2.5719864e+00   3.0000000e+00
  -1.5160184e+01  -3.5678269e+00   3.0000000e+00
  -2.2256484e+01  -4.2338034e+00   3.0000000e+00
  -2.3111320e+01  -7.2792202e+00   3.0000000e+00
  -1.7526593e+01   7.4485421e-01   3.0000000e+00
  -1.8758769e+01   2.3525665e+00   3.0000000e+00
  -2.3940826e+01  -6.2766966e+00   3.0000000e+00
  -1.7280210e+01   2.5764036e+00   3.0000000e+00
  -1.9299827e+01  -2.1968856e+00   3.0000000e+00
  -1.6569701e+01  -1.3645521e+00   3.0000000e+00
  -2.0885611e+01  -4.3324279e+00   3.0000000e+00
  -1.8556014e+01  -4.0608530e+00   3.0000000e+00
  -2.3511655e+01  -2.1815955e+00   3.0000000e+00
  -1.8342096e+01  -1.0811302e+00   3.0000000e+00
  -1.6169792e+01  -3.4015938e+00   3.0000000e+00
  -1.8241006e+01  -5.4439342e+00   3.0000000e+00
  -1.2507755e+01  -1.3565349e+00   3.0000000e+00
  -2.0993219e+01  -4.1099708e+00   3.0000000e+00
  -1.7839886e+01  -5.1080825e+00   3.0000000e+00
  -2.0140616e+01  -4.3628702e+00   3.0000000e+00
  -2.0028863e+01  -2.2029412e-01   3.0000000e+00
  -2.0043452e+01  -1.5713195e+00   3.0000000e+00
  -2.2943517e+01   8.2908241e-01   3.0000000e+00
  -1.8830429e+01   6.6969862e-01   3.0000000e+00
  -2.0792099e+01  -4.0852584e-02   3.0000000e+00
  -1.9593762e+01   7.4519376e-01   3.0000000e+00
  -1.8424656e+01  -9.0040821e-01   3.0000000e+00
  -1.5847237e+01  -3.1191357e+00   3.0000000e+00
  -1.8479160e+01  -4.3366113e+00   3.0000000e+00
  -1.9208526e+01  -1.1007616e+01   3.0000000e+00
  -2.2224671e+01  -2.2628451e+00   3.0000000e+00
  -2.3040728e+01  -4.1342506e+00   3.0000000e+00
  -2.2588205e+01  -1.8601209e+00   3.0000000e+00
  -1.9268109e+01  -1.8209933e+00   3.0000000e+00
  -1.9920891e+01  -5.3835464e+00   3.0000000e+00
  -1.9937818e+01  -7.2349282e+00   3.0000000e+00
  -2.1542510e+01  -1.6278019e+00   3.0000000e+00
  -2.3968370e+01  -3.0788320e+00   3.0000000e+00
  -1.4591644e+01   4.0586523e-01   3.0000000e+00
  -1.9456458e+01  -3.1838871e+00   3.0000000e+00
  -2.2532791e+01  -2.7922342e+00   3.0000000e+00
  -1.9323078e+01  -3.6363899e+00   3.0000000e+00
  -2.0393620e+01  -4.5650662e+00   3.0000000e+00
  -1.8088185e+01   8.4443157e-02   3.0000000e+00
  -2.4744157e+01  -1.9313041e+00   3.0000000e+00
  -1.7969729e+01  -6.3866201e+00   3.0000000e+00
  -1.9637082e+01  -4.0096852e+00   3.0000000e+00
  -1.9615647e+01   1.3446665e+00   3.0000000e+00
  -1.7017841e+01   3.1004041e+00   3.0000000e+00
  -1.7108831e+01  -3.1571947e+00   3.0000000e+00
  -1.4156863e+01  -4.0005439e+00   3.0000000e+00
  -2.1292208e+01  -4.7011528e+00   3.0000000e+00
  -1.4380588e+01  -2.8899949e+00   3.0000000e+00
  -2.0844001e+01   9.3370829e-01   3.0000000e+00
  -2.3697186e+01  -9.5618834e-01   3.0000000e+00
  -1.9885110e+01  -4.6028437e+00   3.0000000e+00
  -2.2046652e+01  -2.4505454e+00   3.0000000e+00
  -1.6999532e+01  -3.6762444e+00   3.0000000e+00
  -2.2098797e+01   2.7659989e-01   3.0000000e+00
  -1.9440683e+01   1.4386398e+00   3.0000000e+00
  -1.8272777e+01  -1.5237254e+00   3.0000000e+00
  -1.9590574e+01  -3.2812231e+00   3.0000000e+00
  -2.0038824e+01  -7.2137130e+00   3.0000000e+00
  -2.0974032e+01  -8.7613950e+00   3.0000000e+00
  -1.8270281e+01  -3.7086442e+00   3.0000000e+00
  -2.8062391e+01  -4.7259660e+00   3.0000000e+00
  -1.5907842e+01   3.0206626e+00   3.0000000e+00
  -2.0222324e+01  -1.1813359e-01   3.0000000e+00
  -1.9823684e+01   3.2268944e-01   3.0000000e+00
  -2.1361647e+01  -2.4370100e+00   3.0000000e+00
  -2.0816045e+01  -5.5133142e-01   3.0000000e+00
  -1.9390158e+01  -3.9207424e+00   3.0000000e+00
  -2.2275862e+01  -7.3954792e+00   3.0000000e+00
  -1.9517173e+01   3.0721558e-01   3.0000000e+00
  -1.3635414e+01  -1.2868217e+00   3.0000000e+00
  -2.1840284e+01  -2.5899963e+00   3.0000000e+00
  -1.8289697e+01  -5.5383294e+00   3.0000000e+00
  -1.9288634e+01  -4.1957252e+00   3.0000000e+00
  -2.0665341e+01  -2.4315125e+00   3.0000000e+00
  -2.0328736e+01  -4.8532608e+00   3.0000000e+00
  -2.2861592e+01  -4.3437541e+00   3.0000000e+00
  -2.2104311e+01  -9.4697238e-01   3.0000000e+00
  -2.0767163e+01  -7.6572672e-01   3.0000000e+00
  -1.8031112e+01  -1.5633719e+01   4.0000000e+00
  -1.2905247e+01  -1.6780177e+01   4.0000000e+00
  -9.7611836e+00  -1.3731494e+01   4.0000000e+00
  -1.4483026e+01  -1.3203335e+01   4.0000000e+00
  -1.4918311e+01  -1.1606646e+01   4.0000000e+00
  -1.5011060e+01  -1.4309727e+01   4.0000000e+00
  -1.1662472e+01  -1.5014781e+01   4.0000000e+00
  -1.5723504e+01  -1.4486308e+01   4.0000000e+00
  -1.4493396e+01  -1.4215210e+01   4.0000000e+00
  -1.2508925e+01  -1.5528877e+01   4.0000000e+00
  -1.1184105e+01  -1.1616096e+01   4.0000000e+00
  -1.4163027e+01  -1.2614880e+01   4.0000000e+00
  -1.3632180e+01  -1.2062278e+01   4.0000000e+00
  -1.4135614e+01  -1.2468520e+01   4.0000000e+00
  -1.2544007e+01  -1.2171791e+01   4.0000000e+00
  -1.5021817e+01  -1.7507958e+01   4.0000000e+00
  -1.2723592e+01  -1.2847119e+01   4.0000000e+00
  -1.7639757e+01  -1.1412574e+01   4.0000000e+00
  -1.0076788e+01  -1.4929776e+01   4.0000000e+00
  -1.5737194e+01  -1.5023069e+01   4.0000000e+00
  -1.5740295e+01  -1.4881082e+01   4.0000000e+00
  -1.2604689e+01  -1.3698016e+01   4.0000000e+00
  -9.7907177e+00  -1.5417077e+01   4.0000000e+00
  -1.6620663e+01  -1.4222444e+01   4.0000000e+00
  -1.0262698e+01  -1.0390189e+01   4.0000000e+00
  -1.6829933e+01  -1.6062948e+01   4.0000000e+00
  -1.0030185e+01  -1.1017979e+01   4.0000000e+00
  -1.7465047e+01  -1.8360196e+01   4.0000000e+00
  -1.0671720e+01  -1.4575297e+01   4.0000000e+00
  -1.6970528e+01  -1.3482163e+01   4.0000000e+00
  -1.0400220e+01  -9.6875617e+00   4.0000000e+00
  -1.8919098e+01  -9.7665343e+00   4.0000000e+00
  -1.3112065e+01  -1.5822069e+01   4.0000000e+00
  -1.2388172e+01  -1.2257590e+01   4.0000000e+00
  -1.4276816e+01  -1.0998000e+01   4.0000000e+00
  -1.2985981e+01  -1.0593164e+01   4.0000000e+00
  -1.0235228e+01  -1.3177223e+01   4.0000000e+00
  -8.5169649e+00  -1.2285183e+01   4.0000000e+00
  -1.4901003e+01  -1.2370724e+01   4.0000000e+00
  -1.4430589e+01  -1.3168342e+01   4.0000000e+00
  -1.4054519e+01  -1.3063305e+01   4.0000000e+00
  -9.4084470e+00  -9.6415790e+00   4.0000000e+00
  -1.0627523e+01  -1.2649159e+01   4.0000000e+00
  -1.5496607e+01  -1.3852580e+01   4.0000000e+00
  -1.3760406e+01  -1.2524383e+01   4.0000000e+00
  -1.3759195e+01  -1.2765230e+01   4.0000000e+00
  -9.9968735e+00  -8.7552018e+00   4.0000000e+00
  -1.1718884e+01  -1.6458381e+01   4.0000000e+00
  -1.6111148e+01  -1.4118055e+01   4.0000000e+00
  -1.1593300e+01  -1.2099434e+01   4.0000000e+00
  -1.2146961e+01  -1.6636284e+01   4.0000000e+00
  -1.6403730e+01  -1.0293761e+01   4.0000000e+00
  -1.3113794e+01  -1.3768281e+01   4.0000000e+00
  -1.6696748e+01  -1.1634874e+01   4.0000000e+00
  -1.3065704e+01  -1.3958074e+01   4.0000000e+00
  -9.6291638e+00  -1.5039233e+01   4.0000000e+00
  -1.6340887e+01  -1.3654885e+01   4.0000000e+00
  -4.9658243e+00  -1.3249220e+01   4.0000000e+00
  -1.5509625e+01  -1.5457540e+01   4.0000000e+00
  -1.2440848e+01  -1.1271069e+01   4.0000000e+00
  -1.6425657e+01  -1.1932513e+01   4.0000000e+00
  -1.4085321e+01  -1.1415794e+01   4.0000000e+00
  -1.2532319e+01  -1.2719086e+01   4.0000000e+00
  -9.2298186e+00  -1.3349762e+01   4.0000000e+00
  -1.7206230e+01  -8.8027522e+00   4.0000000e+00
  -1.2176639e+01  -1.2316628e+01   4.0000000e+00
  -1.1574544e+01  -1.3303588e+01   4.0000000e+00
  -1.7757772e+01  -1.2862155e+01   4.0000000e+00
  -1.5592243e+01  -1.0486555e+01   4.0000000e+00
  -1.5588058e+01  -9.7115579e+00   4.0000000e+00
  -1.3857338e+01  -1.8343803e+01   4.0000000e+00
  -1.3101108e+01  -9.6936936e+00   4.0000000e+00
  -1.1546882e+01  -1.5778254e+01   4.0000000e+00
  -1.1583850e+01  -2.0686947e+01   4.0000000e+00
  -6.6130667e+00  -1.0673086e+01   4.0000000e+00
  -7.3505420e+00  -1.7435925e+01   4.0000000e+00
  -1.1748587e+01  -1.1063697e+01   4.0000000e+00
  -1.5416077e+01  -1.4946155e+01   4.0000000e+00
  -1.8778958e+01  -1.1471129e+01   4.0000000e+00
  -1.6978924e+01  -9.7872866e+00   4.0000000e+00
  -1.2407253e+01  -1.6183971e+01   4.0000000e+00
  -1.1492304e+01  -1.3741273e+01   4.0000000e+00
  -1.2050760e+01  -1.0957114e+01   4.0000000e+00
  -1.0499907e+01  -1.2295938e+01   4.0000000e+00
  -1.2564084e+01  -9.6850865e+00   4.0000000e+00
  -7.9010665e+00  -1.2095262e+01   4.0000000e+00
  -6.9451386e+00  -1.6800339e+01   4.0000000e+00
  -1.6884321e+01  -9.4191584e+00   4.0000000e+00
  -1.3032553e+01  -1.6640910e+01   4.0000000e+00
  -1.3611040e+01  -1.4505396e+01   4.0000000e+00
  -1.4086796e+01  -1.2372009e+01   4.0000000e+00
  -1.2751545e+01  -1.6224125e+01   4.0000000e+00
  -1.5039652e+01  -1.1944832e+01   4.0000000e+00
  -7.9319974e+00  -1.0572192e+01   4.0000000e+00
  -1.4794267e+01  -1.3539331e+01   4.0000000e+00
  -1.1866227e+01  -1.6475857e+01   4.0000000e+00
  -1.3782750e+01  -1.4656312e+01   4.0000000e+00
  -1.2206837e+01  -1.2639925e+01   4.0000000e+00
  -1.1185103e+01  -1.5140701e+01   4.0000000e+00
  -1.3551149e+01  -1.4900865e+01   4.0000000e+00
  -7.8089247e-01  -1.2735611e+01   5.0000000e+00
   1.3122649e+00  -1.0134821e+01   5.0000000e+00
   2.5393727e+00  -7.6962559e+00   5.0000000e+00
   1.9579742e+00  -8.4220007e+00   5.0000000e+00
  -4.9068969e+00  -1.1763217e+01   5.0000000e+00
  -2.1332536e+00  -8.1560443e+00   5.0000000e+00
  -1.2388241e+00  -1.2876614e+01   5.0000000e+00
   1.2618446e+00  -1.3341726e+01   5.0000000e+00
  -1.8307442e+00  -1.4076826e+01   5.0000000e+00
   1.2165303e+00  -1.1571648e+01   5.0000000e+00
  -2.5300899e+00  -1.1503632e+01   5.0000000e+00
  -2.3095004e+00  -1.0973948e+01   5.0000000e+00
  -1.2253078e+00  -5.4982439e+00   5.0000000e+00
   2.5916291e+00  -1.0939725e+01   5.0000000e+00
  -1.0214327e+00  -1.1661518e+01   5.0000000e+00
  -8.5664003e-01  -7.5232310e+00   5.0000000e+00
  -2.9591041e+00  -1.0390712e+01   5.0000000e+00
  -1.8183707e+00  -1.1957216e+01   5.0000000e+00
   2.0883832e+00  -7.6480374e+00   5.0000000e+00
   1.1006183e+00  -1.2380110e+01   5.0000000e+00
   1.5391078e+00  -1.0409916e+01   5.0000000e+00
  -9.8461756e-01  -1.1703707e+01   5.0000000e+00
  -4.5377279e+00  -1.2030625e+01   5.0000000e+00
  -2.1969435e+00  -6.5268270e+00   5.0000000e+00
  -8.0079963e+00  -1.4150639e+01   5.0000000e+00
   9.6143977e-01  -1.5889944e+01   5.0000000e+00
   3.8495324e+00  -1.0260237e+01   5.0000000e+00
   1.7598306e+00  -1.0550617e+01   5.0000000e+00
   4.3859310e+00  -1.1786229e+01   5.0000000e+00
  -1.5454253e+00  -9.9115262e+00   5.0000000e+00
   1.4788030e+00  -6.9699420e+00   5.0000000e+00
   2.0785983e+00  -1.3267434e+01   5.0000000e+00
   6.6943933e-01  -1.0758743e+01   5.0000000e+00
  -1.3221398e+00  -8.0405940e+00   5.0000000e+00
  -7.8033459e-01  -9.4106116e+00   5.0000000e+00
   1.5155623e+00  -9.6408822e+00   5.0000000e+00
  -4.6452557e+00  -8.4184092e+00   5.0000000e+00
  -2.2177077e+00  -1.1299942e+01   5.0000000e+00
   6.4579688e-01  -1.3574100e+01   5.0000000e+00
  -3.3866887e+00  -9.4766365e+00   5.0000000e+00
  -1.1984024e-01  -1.3462199e+01   5.0000000e+00
   2.1955438e+00  -9.7415859e+00   5.0000000e+00
   1.5076928e+00  -9.8051602e+00   5.0000000e+00
   4.0210845e-01  -1.0457755e+01   5.0000000e+00
  -3.0516837e+00  -8.4390538e+00   5.0000000e+00
   4.5199014e+00  -1.0821985e+01   5.0000000e+00
   1.3353883e+00  -1.3894671e+01   5.0000000e+00
  -8.9374980e-01  -8.7960116e+00   5.0000000e+00
  -9.1312724e-01  -1.0734245e+01   5.0000000e+00
  -3.2748915e+00  -1.4358693e+01   5.0000000e+00
   1.0411661e+00  -1.2302886e+01   5.0000000e+00
  -5.9353829e+00  -1.1498249e+01   5.0000000e+00
  -2.9081530e-01  -6.0789712e+00   5.0000000e+00
  -1.8684752e-02  -1.3548612e+01   5.0000000e+00
  -2.1263330e+00  -1.6765043e+01   5.0000000e+00
  -1.0067187e+00  -7.8572151e+00   5.0000000e+00
   2.4893331e+00  -1.2689887e+01   5.0000000e+00
  -2.0294292e+00  -7.6745581e+00   5.0000000e+00
   1.4079412e+00  -9.7447136e+00   5.0000000e+00
   1.8493234e+00  -9.4946214e+00   5.0000000e+00
  -5.5302219e-02  -6.7994841e+00   5.0000000e+00
  -5.0505919e+00  -1.6253598e+01   5.0000000e+00
   9.8327111e-01  -9.9671811e+00   5.0000000e+00
  -1.4967925e+00  -9.8971595e+00   5.0000000e+00
  -4.8729738e+00  -8.7635294e+00   5.0000000e+00
  -1.7758213e+00  -7.2900732e+00   5.0000000e+00
   5.8958297e-01  -9.5660725e+00   5.0000000e+00
  -3.2715419e+00  -1.1883923e+01   5.0000000e+00
  -5.2498837e+00  -1.3706792e+01   5.0000000e+00
   8.8916143e-01  -1.3694376e+01   5.0000000e+00
   1.4452374e+00  -6.9415941e+00   5.0000000e+00
   1.6689027e+00  -1.4589742e+01   5.0000000e+00
   3.5828168e+00  -1.2464948e+01   5.0000000e+00
  -4.9675779e+00  -1.2875369e+01   5.0000000e+00
  -2.1020759e-02  -9.2856797e+00   5.0000000e+00
   9.6015794e-01  -1.1276009e+01   5.0000000e+00
   1.6892159e-01  -1.1188160e+01   5.0000000e+00
   3.1819136e-01  -1.0988721e+01   5.0000000e+00
  -2.2250752e+00  -1.0905198e+01   5.0000000e+00
   2.2562721e-01  -5.9424884e+00   5.0000000e+00
   1.1711968e-01  -1.3908042e+01   5.0000000e+00
  -4.6205301e-01  -9.6100256e+00   5.0000000e+00
   1.0498606e+00  -1.2450018e+01   5.0000000e+00
  -3.0187920e+00  -8.5500911e+00   5.0000000e+00
  -3.7652759e+00  -1.1053053e+01   5.0000000e+00
  -7.3639797e-02  -8.1329569e+00   5.0000000e+00
   1.5991544e-01  -1.4014067e+01   5.0000000e+00
  -4.0014856e+00  -9.1105107e+00   5.0000000e+00
  -2.5010979e+00  -9.6356204e+00   5.0000000e+00
   1.3197729e+00  -8.7893378e+00   5.0000000e+00
   2.7660622e+00  -1.4100213e+01   5.0000000e+00
   3.6565358e+00  -1.3153995e+01   5.0000000e+00
  -8.7799298e-01  -1.0191177e+01   5.0000000e+00
   3.4208416e+00  -9.4009408e+00   5.0000000e+00
  -1.0395225e+00  -1.4927813e+01   5.0000000e+00
  -2.1220974e+00  -7.2285894e+00   5.0000000e+00
  -2.6952158e-01  -1.4767550e+01   5.0000000e+00
   6.0626927e-01  -8.9200223e+00   5.0000000e+00
   5.2012120e-01  -1.6460546e+01   5.0000000e+00
  -8.6243227e-01  -9.5993005e+00   5.0000000e+00
